yop_kodu,year,lise_id,yerlesen_sayisi,school_type
100910019,2022,1399,1,4
100910019,2022,1290,1,4
100910019,2022,1806,1,0
100910019,2022,1415,1,4
100910019,2022,2,1,8
100910019,2022,3263,1,4
100910019,2022,15,1,4
100910019,2022,644,1,4
100910019,2022,7059,1,4
100910019,2022,1406,1,4
100910019,2022,1106,1,4
100910019,2022,1522,1,0
100910019,2022,4095,1,4
100910019,2022,5432,1,4
100910019,2022,9231,1,4
100910019,2022,1697,1,2
100910019,2022,1914,1,4
100910019,2022,4455,1,4
100910019,2022,3443,1,2
100910019,2022,437,1,4
100910019,2022,974,1,2
100910019,2022,2249,1,4
100910019,2022,6124,1,3
100910019,2022,10434,1,5
100910019,2022,2154,1,5
100910019,2022,999,1,4
100910019,2022,1005,1,4
100910019,2022,1008,1,4
100910019,2022,1724,1,4
100910019,2022,3906,1,4
100910019,2022,2273,1,4
100910019,2023,2,1,8
100910019,2023,1458,2,4
100910019,2023,192,1,4
100910019,2023,660,2,4
100910019,2023,2283,1,4
100910019,2023,2769,1,2
100910019,2023,2754,1,4
100910019,2023,2770,1,4
100910019,2023,763,1,4
100910019,2023,962,1,4
100910019,2023,1095,1,4
100910019,2023,8113,1,4
100910019,2023,6321,1,4
100910019,2023,972,1,4
100910019,2023,2835,1,4
100910019,2023,922,1,2
100910019,2023,1724,1,4
100910019,2023,6742,1,4
100910019,2023,6766,1,4
100910019,2023,1014,1,4
100910019,2023,4062,1,4
100910019,2023,4780,1,2
100910019,2023,110,1,4
100910019,2023,153,1,4
100910028,2022,2587,1,2
100910028,2022,3611,1,2
100910028,2022,942,1,2
100910028,2022,2814,1,2
100910028,2022,1780,2,4
100910028,2022,600,1,4
100910028,2022,4644,1,2
100910028,2022,1406,1,4
100910028,2022,3404,1,4
100910028,2022,872,1,4
100910028,2022,1022,1,2
100910028,2022,3250,1,4
100910028,2022,1525,1,4
100910028,2022,763,1,4
100910028,2022,3063,1,0
100910028,2022,964,1,2
100910028,2022,6544,1,4
100910028,2022,1697,2,2
100910028,2022,1129,1,4
100910028,2022,971,2,2
100910028,2022,1108,1,2
100910028,2022,974,1,2
100910028,2022,6210,1,2
100910028,2022,1688,2,5
100910028,2022,11324,1,5
100910028,2022,6799,1,5
100910028,2022,3639,1,5
100910028,2022,6617,1,5
100910028,2022,2291,1,5
100910028,2022,1306,1,3
100910028,2022,918,1,4
100910028,2022,920,1,4
100910028,2022,1411,1,4
100910028,2022,925,1,4
100910028,2022,3883,1,4
100910028,2022,3962,1,4
100910028,2022,1011,1,2
100910028,2022,3249,1,2
100910028,2022,1285,1,4
100910028,2022,3103,1,4
100910028,2022,1547,1,4
100910028,2022,1606,1,4
100910028,2022,1014,2,4
100910028,2022,99,1,4
100910028,2022,4780,2,2
100910028,2022,1067,1,2
100910028,2023,2,6,8
100910028,2023,942,1,2
100910028,2023,1458,3,4
100910028,2023,4142,1,2
100910028,2023,2539,1,2
100910028,2023,660,1,4
100910028,2023,1515,1,4
100910028,2023,773,1,4
100910028,2023,411,1,2
100910028,2023,875,1,2
100910028,2023,3750,1,4
100910028,2023,763,1,4
100910028,2023,961,1,4
100910028,2023,197,1,4
100910028,2023,1227,2,4
100910028,2023,884,1,2
100910028,2023,1297,1,4
100910028,2023,428,1,4
100910028,2023,6273,1,4
100910028,2023,2127,1,4
100910028,2023,578,1,4
100910028,2023,971,1,2
100910028,2023,3227,1,4
100910028,2023,438,1,4
100910028,2023,1794,1,4
100910028,2023,1917,2,2
100910028,2023,1109,1,2
100910028,2023,978,1,4
100910028,2023,6124,1,3
100910028,2023,106,1,5
100910028,2023,7427,1,5
100910028,2023,4281,1,4
100910028,2023,1600,1,4
100910028,2023,8636,1,4
100910028,2023,2653,2,2
100910028,2023,929,1,4
100910028,2023,3013,1,4
100910028,2023,399,1,4
100910028,2023,4780,1,2
100910028,2023,2788,1,4
100910028,2023,1067,2,2
100910028,2024,8093,1,0
100910028,2024,8959,1,4
100910028,2024,184,1,4
100910028,2024,1232,1,4
100910028,2024,2891,1,4
100910028,2024,692,1,4
100910028,2024,7419,1,5
100910028,2024,1160,1,3
100910028,2024,2650,1,2
100910028,2024,7128,1,4
100910028,2024,1399,1,4
100910028,2024,2333,1,0
100910028,2024,1458,2,4
100910028,2024,1780,1,4
100910028,2024,1406,1,4
100910028,2024,6415,1,4
100910028,2024,7834,1,4
100910028,2024,668,1,4
100910037,2022,5766,1,4
100910037,2022,3743,1,4
100910037,2022,2,4,8
100910037,2022,1103,1,4
100910037,2022,5642,1,4
100910037,2022,4399,1,4
100910037,2022,1780,1,4
100910037,2022,2458,1,0
100910037,2022,2981,2,0
100910037,2022,1179,1,4
100910037,2022,1828,1,4
100910037,2022,2815,1,4
100910037,2022,8265,1,4
100910037,2022,2283,1,4
100910037,2022,2415,1,4
100910037,2022,7555,1,4
100910037,2022,9243,1,4
100910037,2022,1406,1,4
100910037,2022,1856,1,4
100910037,2022,8290,1,4
100910037,2022,3987,1,4
100910037,2022,773,1,4
100910037,2022,629,1,4
100910037,2022,3750,1,4
100910037,2022,763,1,4
100910037,2022,1091,1,4
100910037,2022,221,1,4
100910037,2022,290,1,4
100910037,2022,1650,1,4
100910037,2022,142,1,4
100910037,2022,3806,2,4
100910037,2022,1975,3,4
100910037,2022,436,1,4
100910037,2022,1577,1,4
100910037,2022,1677,1,4
100910037,2022,35,1,0
100910037,2022,1868,1,4
100910037,2022,1302,1,0
100910037,2022,982,1,4
100910037,2022,3681,1,2
100910037,2022,5012,1,5
100910037,2022,7476,1,5
100910037,2022,49,1,4
100910037,2022,1237,1,5
100910037,2022,246,1,0
100910037,2022,682,1,4
100910037,2022,3686,1,4
100910037,2022,1240,1,0
100910037,2022,1100,1,4
100910037,2022,1243,1,4
100910037,2022,6789,1,4
100910037,2022,592,1,4
100910037,2022,7512,1,4
100910037,2022,732,1,4
100910037,2022,3219,1,4
100910037,2023,458,1,4
100910037,2023,1212,1,4
100910037,2023,2,3,8
100910037,2023,1268,1,4
100910037,2023,1353,1,4
100910037,2023,6976,1,4
100910037,2023,6639,1,4
100910037,2023,1458,1,4
100910037,2023,762,1,4
100910037,2023,2145,1,4
100910037,2023,10251,1,4
100910037,2023,659,1,4
100910037,2023,77,1,4
100910037,2023,1554,1,4
100910037,2023,331,1,4
100910037,2023,1020,1,0
100910037,2023,2686,1,4
100910037,2023,2529,2,4
100910037,2023,1336,1,4
100910037,2023,763,1,4
100910037,2023,262,1,4
100910037,2023,8510,1,4
100910037,2023,3500,1,4
100910037,2023,2086,1,2
100910037,2023,2227,2,4
100910037,2023,667,1,4
100910037,2023,1152,1,4
100910037,2023,1697,1,2
100910037,2023,668,1,4
100910037,2023,7756,1,4
100910037,2023,3097,1,4
100910037,2023,1975,2,4
100910037,2023,5717,1,0
100910037,2023,1578,1,4
100910037,2023,3520,1,4
100910037,2023,2909,1,4
100910037,2023,6728,1,4
100910037,2023,1039,1,2
100910037,2023,45,1,5
100910037,2023,49,1,4
100910037,2023,730,1,4
100910037,2023,246,1,0
100910037,2023,6907,1,4
100910037,2023,1164,1,4
100910037,2023,3686,1,4
100910037,2023,654,1,4
100910037,2023,1724,1,4
100910037,2023,3415,1,4
100910037,2023,1285,1,4
100910037,2023,1804,1,4
100910037,2023,591,1,4
100910037,2023,596,1,4
100910037,2023,2139,1,4
100910037,2023,3002,1,0
100910037,2023,6791,1,4
100910037,2023,1063,1,2
100910037,2023,1015,1,2
100910037,2024,1510,1,4
100910037,2024,1275,1,4
100910037,2024,1441,1,4
100910037,2024,74,1,4
100910037,2024,3940,1,4
100910037,2024,3554,1,4
100910037,2024,1318,1,0
100910037,2024,380,1,4
100910037,2024,6978,1,4
100910037,2024,3980,1,4
100910037,2024,191,1,4
100910037,2024,290,1,4
100910037,2024,1975,1,4
100910037,2024,1793,1,4
100910037,2024,1677,1,4
100910037,2024,4537,1,0
100910037,2024,2672,1,4
100910037,2024,3905,1,4
100910037,2024,7386,1,2
100910037,2024,296,1,4
100910037,2024,703,1,2
100910037,2024,2,4,8
100910037,2024,246,1,0
100910037,2024,1411,2,4
100910037,2024,1239,1,4
100910037,2024,5981,1,4
100910037,2024,451,1,4
100910037,2024,1804,1,4
100910037,2024,1999,1,4
100910037,2024,6441,1,4
100910037,2024,229,2,4
100910037,2024,1249,1,4
100910037,2024,1103,1,4
100910037,2024,11854,1,4
100910037,2024,1177,1,4
100910037,2024,2981,1,0
100910037,2024,11137,1,4
100910037,2024,7661,1,4
100910037,2024,1182,1,4
100910046,2022,1210,1,4
100910046,2022,3532,1,4
100910046,2022,1256,1,4
100910046,2022,2,4,8
100910046,2022,1567,1,5
100910046,2022,2591,1,4
100910046,2022,1177,1,4
100910046,2022,2981,2,0
100910046,2022,2594,1,2
100910046,2022,1509,1,4
100910046,2022,1086,1,4
100910046,2022,4718,1,4
100910046,2022,948,1,4
100910046,2022,866,1,4
100910046,2022,1250,1,4
100910046,2022,827,1,4
100910046,2022,1293,1,0
100910046,2022,13385,1,4
100910046,2022,2088,1,4
100910046,2022,648,1,4
100910046,2022,514,1,4
100910046,2022,1914,1,4
100910046,2022,1297,1,4
100910046,2022,3806,1,4
100910046,2022,1975,1,4
100910046,2022,7492,1,4
100910046,2022,692,1,4
100910046,2022,1038,1,4
100910046,2022,1039,1,2
100910046,2022,1259,1,4
100910046,2022,293,1,5
100910046,2022,1079,1,0
100910046,2022,2214,1,4
100910046,2022,1365,1,4
100910046,2022,1450,1,4
100910046,2022,850,1,4
100910046,2022,1411,2,4
100910046,2022,1724,2,4
100910046,2022,5093,1,4
100910046,2022,1011,1,2
100910046,2022,5980,1,4
100910046,2022,3586,1,4
100910046,2022,640,1,4
100910046,2022,571,1,4
100910046,2022,6538,2,4
100910046,2023,4837,1,4
100910046,2023,2220,1,4
100910046,2023,2,4,8
100910046,2023,2814,1,2
100910046,2023,1780,1,4
100910046,2023,2458,1,0
100910046,2023,5409,1,4
100910046,2023,3476,1,4
100910046,2023,13,1,4
100910046,2023,3985,1,4
100910046,2023,5386,1,4
100910046,2023,1864,1,4
100910046,2023,2500,1,4
100910046,2023,2204,1,4
100910046,2023,8700,1,4
100910046,2023,1125,1,4
100910046,2023,1611,1,4
100910046,2023,1186,1,4
100910046,2023,2464,1,4
100910046,2023,609,1,4
100910046,2023,1227,1,4
100910046,2023,3633,1,4
100910046,2023,6986,1,4
100910046,2023,3738,1,4
100910046,2023,578,1,4
100910046,2023,1095,1,4
100910046,2023,2340,1,0
100910046,2023,2376,1,0
100910046,2023,2377,1,4
100910046,2023,1978,1,4
100910046,2023,7393,1,4
100910046,2023,2067,1,4
100910046,2023,4226,1,2
100910046,2023,1980,1,4
100910046,2023,5256,1,3
100910046,2023,4258,1,5
100910046,2023,2446,1,5
100910046,2023,583,1,5
100910046,2023,5802,1,5
100910046,2023,7790,1,5
100910046,2023,1308,1,4
100910046,2023,3434,1,4
100910046,2023,14127,1,4
100910046,2023,3972,1,4
100910046,2023,1285,1,4
100910046,2023,3002,1,0
100910046,2023,6538,2,4
100910046,2023,327,1,4
100910046,2024,880,1,4
100910046,2024,2088,1,4
100910046,2024,3595,1,0
100910046,2024,269,1,0
100910046,2024,1578,1,4
100910046,2024,1978,1,4
100910046,2024,766,1,4
100910046,2024,1980,1,4
100910046,2024,11712,1,3
100910046,2024,2356,1,5
100910046,2024,1331,1,4
100910046,2024,2732,1,5
100910046,2024,11163,1,5
100910046,2024,3582,1,4
100910046,2024,1344,1,4
100910046,2024,1411,1,4
100910046,2024,2783,1,4
100910046,2024,1724,1,4
100910046,2024,1311,1,4
100910046,2024,4416,1,0
100910046,2024,717,1,4
100910046,2024,1645,1,4
100910046,2024,1880,1,4
100910046,2024,1289,1,4
100910046,2024,1440,1,4
100910046,2024,2,1,8
100910046,2024,112,1,4
100910046,2024,2458,1,0
100910046,2024,2903,1,2
100910046,2024,9245,1,4
100910046,2024,2753,1,4
100910055,2022,1399,1,4
100910055,2022,2143,1,4
100910055,2022,2,5,8
100910055,2022,1458,1,4
100910055,2022,1780,1,4
100910055,2022,2458,1,0
100910055,2022,2115,1,4
100910055,2022,2981,2,0
100910055,2022,8255,1,4
100910055,2022,1180,1,4
100910055,2022,1784,1,4
100910055,2022,660,1,4
100910055,2022,1554,1,4
100910055,2022,2768,1,4
100910055,2022,2853,1,4
100910055,2022,7212,2,4
100910055,2022,9243,1,4
100910055,2022,3674,1,4
100910055,2022,1319,1,4
100910055,2022,5654,1,4
100910055,2022,7009,1,4
100910055,2022,1252,1,4
100910055,2022,4549,1,4
100910055,2022,6966,1,4
100910055,2022,3443,1,2
100910055,2022,4202,1,0
100910055,2022,13490,1,4
100910055,2022,1255,1,4
100910055,2022,675,1,4
100910055,2022,1677,1,4
100910055,2022,8129,1,4
100910055,2022,2422,2,4
100910055,2022,3229,1,4
100910055,2022,8133,1,4
100910055,2022,1432,1,4
100910055,2022,2994,1,5
100910055,2022,6509,1,5
100910055,2022,3534,1,4
100910055,2022,2783,1,4
100910055,2022,1144,1,4
100910055,2022,3791,1,4
100910055,2022,1263,1,4
100910055,2022,2194,1,4
100910055,2022,8850,1,4
100910055,2022,656,1,4
100910055,2023,1399,1,4
100910055,2023,2329,3,4
100910055,2023,2,1,8
100910055,2023,2886,1,4
100910055,2023,6976,1,4
100910055,2023,1458,2,4
100910055,2023,1780,1,4
100910055,2023,2458,1,0
100910055,2023,2115,1,4
100910055,2023,5514,1,4
100910055,2023,1509,1,4
100910055,2023,2905,1,4
100910055,2023,3745,1,4
100910055,2023,1510,1,4
100910055,2023,660,1,4
100910055,2023,947,1,2
100910055,2023,1731,1,4
100910055,2023,5002,1,4
100910055,2023,3939,1,4
100910055,2023,1649,1,4
100910055,2023,3500,1,4
100910055,2023,3616,1,4
100910055,2023,810,1,4
100910055,2023,2088,1,4
100910055,2023,6986,1,4
100910055,2023,1677,1,4
100910055,2023,1978,1,4
100910055,2023,7393,1,4
100910055,2023,2422,1,4
100910055,2023,2910,1,4
100910055,2023,5326,1,4
100910055,2023,5191,1,4
100910055,2023,818,1,4
100910055,2023,2835,1,4
100910055,2023,1449,1,4
100910055,2023,7069,1,4
100910055,2023,6898,1,4
100910055,2023,2783,1,4
100910055,2023,56,1,4
100910055,2023,1144,1,4
100910055,2023,1543,1,4
100910055,2023,654,1,4
100910055,2023,3415,1,4
100910055,2023,324,1,4
100910055,2023,3180,1,4
100910055,2023,5310,1,4
100910055,2023,6995,1,4
100910055,2023,2102,1,4
100910055,2023,1150,1,4
100910055,2024,7553,1,4
100910055,2024,5409,1,4
100910055,2024,1509,1,4
100910055,2024,402,1,4
100910055,2024,1513,1,4
100910055,2024,8021,1,4
100910055,2024,2414,1,4
100910055,2024,4159,1,4
100910055,2024,2875,1,4
100910055,2024,3478,1,4
100910055,2024,1399,3,4
100910055,2024,1088,1,4
100910055,2024,2542,1,2
100910055,2024,1406,2,4
100910055,2024,11962,1,4
100910055,2024,3285,1,4
100910055,2024,7170,1,4
100910055,2024,6986,1,4
100910055,2024,7726,1,4
100910055,2024,5041,1,4
100910055,2024,4410,1,5
100910055,2024,1211,1,4
100910055,2024,2113,1,5
100910055,2024,12023,1,4
100910055,2024,3972,2,4
100910055,2024,1899,1,4
100910055,2024,1452,1,4
100910055,2024,656,1,4
100910055,2024,9320,1,4
100910055,2024,2329,2,4
100910055,2024,2,2,8
100910055,2024,13930,1,4
100910055,2024,4186,1,4
100910055,2024,1780,1,4
100910055,2024,15214,1,4
100910064,2022,2,4,8
100910064,2022,2590,1,4
100910064,2022,6888,1,4
100910064,2022,8664,1,4
100910064,2022,1270,1,4
100910064,2022,1458,1,4
100910064,2022,5409,1,4
100910064,2022,862,1,2
100910064,2022,1403,1,4
100910064,2022,1554,1,4
100910064,2022,951,1,4
100910064,2022,4173,1,4
100910064,2022,763,1,4
100910064,2022,7092,1,4
100910064,2022,2227,1,4
100910064,2022,3461,1,4
100910064,2022,1697,1,2
100910064,2022,7837,1,4
100910064,2022,707,1,4
100910064,2022,2441,1,4
100910064,2022,8324,1,4
100910064,2022,4532,1,4
100910064,2022,3388,1,4
100910064,2022,886,1,4
100910064,2022,1193,1,4
100910064,2022,1892,1,4
100910064,2022,895,1,4
100910064,2022,1978,1,4
100910064,2022,35,1,0
100910064,2022,7393,1,4
100910064,2022,242,1,4
100910064,2022,979,1,4
100910064,2022,1688,1,5
100910064,2022,1599,1,4
100910064,2022,850,1,4
100910064,2022,1262,1,4
100910064,2022,654,1,4
100910064,2022,1724,3,4
100910064,2022,1454,1,4
100910064,2022,13216,1,4
100910064,2022,6499,1,4
100910064,2022,3103,1,4
100910064,2022,3417,1,4
100910064,2022,4558,1,0
100910064,2022,657,1,4
100910064,2022,5593,1,4
100910064,2022,9320,1,4
100910064,2023,1399,1,4
100910064,2023,3456,1,4
100910064,2023,2,2,8
100910064,2023,1332,1,4
100910064,2023,2591,1,4
100910064,2023,1780,2,4
100910064,2023,2981,2,0
100910064,2023,1333,1,4
100910064,2023,860,1,4
100910064,2023,3834,1,4
100910064,2023,1403,1,4
100910064,2023,3871,1,4
100910064,2023,2415,1,4
100910064,2023,1554,3,4
100910064,2023,2497,1,4
100910064,2023,12014,1,4
100910064,2023,773,2,4
100910064,2023,1444,1,4
100910064,2023,5609,1,4
100910064,2023,7066,1,4
100910064,2023,763,1,4
100910064,2023,11015,1,4
100910064,2023,961,1,4
100910064,2023,5914,1,4
100910064,2023,1975,1,4
100910064,2023,7492,1,4
100910064,2023,5717,1,0
100910064,2023,8341,1,4
100910064,2023,1677,1,4
100910064,2023,442,1,4
100910064,2023,1538,1,4
100910064,2023,2131,1,4
100910064,2023,1688,1,5
100910064,2023,6124,1,3
100910064,2023,10484,1,5
100910064,2023,6799,1,5
100910064,2023,1721,1,1
100910064,2023,5800,1,5
100910064,2023,1411,1,4
100910064,2023,590,1,4
100910064,2023,2653,1,2
100910064,2023,1311,1,4
100910064,2023,1618,1,4
100910064,2023,3002,1,0
100910064,2023,8227,1,4
100910064,2023,9776,1,4
100910064,2024,2320,1,4
100910064,2024,3571,1,4
100910064,2024,4718,1,4
100910064,2024,7681,1,4
100910064,2024,3478,1,4
100910064,2024,573,1,4
100910064,2024,1444,1,4
100910064,2024,3751,1,4
100910064,2024,238,1,2
100910064,2024,2324,1,4
100910064,2024,2,1,8
100910064,2024,2227,1,4
100910064,2024,4404,1,4
100910064,2024,962,1,4
100910064,2024,7170,1,4
100910064,2024,1914,1,4
100910064,2024,8093,1,0
100910064,2024,7557,1,4
100910064,2024,3755,1,4
100910064,2024,1892,1,4
100910064,2024,1975,1,4
100910064,2024,625,1,4
100910064,2024,2711,1,4
100910064,2024,1677,1,4
100910064,2024,5380,1,4
100910064,2024,2131,1,4
100910064,2024,2479,1,4
100910064,2024,1688,1,5
100910064,2024,13225,1,5
100910064,2024,4182,1,5
100910064,2024,7,1,4
100910064,2024,6707,1,4
100910064,2024,1268,1,4
100910064,2024,4412,1,0
100910064,2024,1239,1,4
100910064,2024,1144,1,4
100910064,2024,654,1,4
100910064,2024,6470,1,4
100910064,2024,11761,1,4
100910064,2024,2913,1,4
100910064,2024,2037,1,4
100910064,2024,2100,1,4
100910064,2024,1061,1,4
100910064,2024,6833,1,4
100910064,2024,7410,1,4
100910064,2024,229,1,4
100910064,2024,657,1,4
100910064,2024,1374,1,4
100910064,2024,2886,1,4
100910064,2024,169,1,4
100910064,2024,1458,1,4
100910064,2024,1181,1,4
100910082,2022,1331,1,4
100910082,2022,5047,1,4
100910082,2022,1905,1,4
100910082,2022,67,1,4
100910082,2022,2,4,8
100910082,2022,4581,1,4
100910082,2022,5642,1,4
100910082,2022,1458,3,4
100910082,2022,1908,1,4
100910082,2022,1178,1,4
100910082,2022,2981,1,0
100910082,2022,1334,1,4
100910082,2022,3379,1,4
100910082,2022,3816,1,0
100910082,2022,2435,1,0
100910082,2022,2817,1,4
100910082,2022,3159,1,4
100910082,2022,949,1,4
100910082,2022,2793,1,4
100910082,2022,6479,1,4
100910082,2022,3161,1,4
100910082,2022,2753,1,4
100910082,2022,3775,1,4
100910082,2022,6610,1,2
100910082,2022,1697,1,2
100910082,2022,3633,1,4
100910082,2022,2726,1,0
100910082,2022,882,1,4
100910082,2022,4454,1,0
100910082,2022,515,1,2
100910082,2022,578,1,4
100910082,2022,183,1,4
100910082,2022,1978,1,4
100910082,2022,1200,1,4
100910082,2022,3486,1,4
100910082,2022,2729,1,0
100910082,2022,2882,1,5
100910082,2022,9543,1,1
100910082,2022,2732,1,5
100910082,2022,4080,1,5
100910082,2022,701,1,5
100910082,2022,2155,1,5
100910082,2022,12390,1,3
100910082,2022,4169,1,5
100910082,2022,1079,1,0
100910082,2022,918,1,4
100910082,2022,1770,1,4
100910082,2022,2650,1,2
100910082,2022,3056,1,4
100910082,2022,1144,1,4
100910082,2022,2408,1,4
100910082,2022,2294,1,4
100910082,2022,6295,1,4
100910082,2022,166,1,4
100910082,2022,2789,1,4
100910082,2022,1014,1,4
100910082,2022,1964,1,4
100910082,2023,3267,1,4
100910082,2023,3455,1,4
100910082,2023,3532,1,4
100910082,2023,5312,1,4
100910082,2023,2,6,8
100910082,2023,8659,1,4
100910082,2023,3844,1,4
100910082,2023,4815,1,0
100910082,2023,5642,1,4
100910082,2023,2115,1,4
100910082,2023,659,1,4
100910082,2023,2283,1,4
100910082,2023,2414,1,4
100910082,2023,1831,1,4
100910082,2023,1786,1,4
100910082,2023,695,1,4
100910082,2023,2601,1,4
100910082,2023,2753,1,4
100910082,2023,1074,2,4
100910082,2023,1789,1,0
100910082,2023,2417,1,4
100910082,2023,954,1,4
100910082,2023,2324,1,4
100910082,2023,5362,1,4
100910082,2023,1423,1,4
100910082,2023,3096,1,4
100910082,2023,1914,1,4
100910082,2023,3516,1,4
100910082,2023,4534,1,0
100910082,2023,6700,1,4
100910082,2023,1388,1,4
100910082,2023,1975,2,4
100910082,2023,6917,1,4
100910082,2023,269,1,0
100910082,2023,2861,1,4
100910082,2023,2672,1,4
100910082,2023,1302,1,0
100910082,2023,4566,1,4
100910082,2023,1688,1,5
100910082,2023,4258,1,5
100910082,2023,7241,1,5
100910082,2023,4262,1,5
100910082,2023,560,1,4
100910082,2023,4712,1,4
100910082,2023,1600,1,4
100910082,2023,3858,1,4
100910082,2023,1411,1,4
100910082,2023,6250,1,4
100910082,2023,1285,1,4
100910082,2023,6866,1,4
100910082,2023,3181,1,4
100910082,2023,1753,1,0
100910082,2023,2508,1,4
100910082,2023,4083,1,2
100910082,2023,3399,1,4
100910082,2024,1163,1,4
100910082,2024,1938,1,4
100910082,2024,3476,1,4
100910082,2024,4357,1,0
100910082,2024,1357,1,0
100910082,2024,2663,1,4
100910082,2024,1443,1,4
100910082,2024,11784,1,4
100910082,2024,1250,1,4
100910082,2024,1444,1,4
100910082,2024,1399,2,4
100910082,2024,1789,1,0
100910082,2024,4315,1,4
100910082,2024,100,1,4
100910082,2024,754,1,4
100910082,2024,1478,1,4
100910082,2024,5378,1,4
100910082,2024,6891,1,4
100910082,2024,4519,1,4
100910082,2024,2308,1,4
100910082,2024,36,1,4
100910082,2024,4837,1,4
100910082,2024,2805,1,4
100910082,2024,1280,1,0
100910082,2024,2881,1,4
100910082,2024,6924,1,4
100910082,2024,982,1,4
100910082,2024,1952,1,5
100910082,2024,1844,1,5
100910082,2024,6126,1,5
100910082,2024,2448,1,5
100910082,2024,2098,1,4
100910082,2024,2,5,8
100910082,2024,2871,1,4
100910082,2024,1724,1,4
100910082,2024,4754,1,4
100910082,2024,1119,1,4
100910082,2024,8223,1,4
100910082,2024,1965,1,4
100910082,2024,3297,1,4
100910082,2024,2196,1,4
100910082,2024,1067,1,2
100910082,2024,2872,1,4
100910082,2024,6011,1,4
100910082,2024,1780,1,4
100910082,2024,2981,1,0
100910082,2024,1271,1,4
100910143,2022,1399,2,4
100910143,2022,3532,1,4
100910143,2022,3376,1,4
100910143,2022,1780,1,4
100910143,2022,1467,1,4
100910143,2022,2768,1,4
100910143,2022,6156,1,4
100910143,2022,4561,1,4
100910143,2022,2204,1,4
100910143,2022,763,1,4
100910143,2022,6561,1,4
100910143,2022,514,1,4
100910143,2022,1992,1,4
100910143,2022,7654,1,4
100910143,2022,791,1,4
100910143,2022,4117,1,4
100910143,2022,3909,1,4
100910143,2022,1576,1,4
100910143,2022,4423,1,4
100910143,2022,1578,1,4
100910143,2022,1232,1,4
100910143,2022,1980,2,4
100910143,2022,12368,1,5
100910143,2022,10467,1,5
100910143,2022,2133,1,5
100910143,2022,2191,1,5
100910143,2022,1281,1,5
100910143,2022,3732,1,5
100910143,2022,5181,1,5
100910143,2022,7,1,4
100910143,2022,2473,1,2
100910143,2022,3582,1,4
100910143,2022,925,1,4
100910143,2022,2653,1,2
100910143,2022,3397,1,2
100910143,2022,6222,1,4
100910143,2022,1964,1,4
100910143,2022,1375,1,4
100910143,2022,1289,1,4
100910143,2023,10,1,4
100910143,2023,2,7,8
100910143,2023,1121,1,4
100910143,2023,4954,1,4
100910143,2023,1458,1,4
100910143,2023,3358,1,4
100910143,2023,3818,1,4
100910143,2023,1403,1,4
100910143,2023,946,1,2
100910143,2023,2415,1,4
100910143,2023,4095,1,4
100910143,2023,3273,1,4
100910143,2023,2086,1,2
100910143,2023,2088,1,4
100910143,2023,3531,1,4
100910143,2023,2605,1,4
100910143,2023,2207,2,4
100910143,2023,969,1,4
100910143,2023,1132,1,0
100910143,2023,4885,1,4
100910143,2023,266,1,4
100910143,2023,1257,1,4
100910143,2023,518,1,4
100910143,2023,1039,1,2
100910143,2023,2469,1,2
100910143,2023,244,1,5
100910143,2023,1691,1,5
100910143,2023,4103,1,5
100910143,2023,5220,1,3
100910143,2023,2834,1,4
100910143,2023,3972,1,4
100910143,2023,1724,1,4
100910143,2023,569,1,4
100910143,2023,11854,1,4
100910143,2024,3005,1,4
100910143,2024,6340,1,4
100910143,2024,6071,1,4
100910143,2024,3364,1,4
100910143,2024,2794,1,4
100910143,2024,3114,1,4
100910143,2024,4294,1,0
100910143,2024,5106,1,0
100910143,2024,11249,1,4
100910143,2024,2249,1,4
100910143,2024,1399,1,4
100910143,2024,12204,1,5
100910143,2024,7216,1,3
100910143,2024,6279,1,5
100910143,2024,9839,1,5
100910143,2024,1722,1,5
100910143,2024,1049,1,3
100910143,2024,2762,1,4
100910143,2024,5551,1,4
100910143,2024,2699,1,4
100910143,2024,4013,1,4
100910143,2024,2,1,8
100910143,2024,1062,1,2
100910143,2024,3297,1,4
100910143,2024,4812,1,4
100910143,2024,12007,1,4
100910143,2024,2458,1,0
100910143,2024,12123,1,4
100910143,2024,8870,1,4
100910143,2024,4864,1,4
100910143,2024,2204,1,4
100910152,2022,66,1,4
100910152,2022,1291,1,4
100910152,2022,2,5,8
100910152,2022,3256,1,0
100910152,2022,3312,1,4
100910152,2022,1780,2,4
100910152,2022,2458,2,0
100910152,2022,6749,1,4
100910152,2022,1510,1,4
100910152,2022,1554,1,4
100910152,2022,6080,1,4
100910152,2022,5003,1,4
100910152,2022,2753,1,4
100910152,2022,8704,1,4
100910152,2022,3699,1,4
100910152,2022,9532,1,4
100910152,2022,380,1,4
100910152,2022,8309,1,4
100910152,2022,9407,1,4
100910152,2022,1973,1,4
100910152,2022,9340,1,4
100910152,2022,2377,1,4
100910152,2022,1978,1,4
100910152,2022,162,1,4
100910152,2022,4377,2,4
100910152,2022,4258,1,5
100910152,2022,7615,1,5
100910152,2022,8584,1,5
100910152,2022,4028,1,5
100910152,2022,8758,1,1
100910152,2022,10005,1,5
100910152,2022,11794,1,5
100910152,2022,10322,1,5
100910152,2022,3623,1,5
100910152,2022,3533,1,5
100910152,2022,10171,1,5
100910152,2022,3348,1,5
100910152,2022,4793,1,4
100910152,2022,5015,1,4
100910152,2022,4851,1,4
100910152,2022,3972,1,4
100910152,2022,736,1,4
100910152,2022,3962,1,4
100910152,2022,8208,1,4
100910152,2022,3081,1,4
100910152,2023,2,9,8
100910152,2023,1506,1,4
100910152,2023,4417,1,4
100910152,2023,4759,1,4
100910152,2023,1458,1,4
100910152,2023,1780,1,4
100910152,2023,4200,1,0
100910152,2023,1271,1,4
100910152,2023,7896,1,4
100910152,2023,1509,1,4
100910152,2023,1441,1,4
100910152,2023,2415,1,4
100910152,2023,2768,1,4
100910152,2023,4402,1,4
100910152,2023,4929,1,4
100910152,2023,3723,1,4
100910152,2023,6408,1,4
100910152,2023,11898,1,4
100910152,2023,2691,1,4
100910152,2023,6018,1,4
100910152,2023,3863,1,4
100910152,2023,7934,1,4
100910152,2023,677,1,4
100910152,2023,2131,1,4
100910152,2023,1980,1,4
100910152,2023,1688,1,5
100910152,2023,1951,1,5
100910152,2023,10516,1,5
100910152,2023,5151,1,3
100910152,2023,7241,1,5
100910152,2023,15215,1,1
100910152,2023,6506,1,4
100910152,2023,3874,1,4
100910152,2023,4367,1,4
100910152,2023,2452,1,4
100910152,2023,921,1,4
100910152,2023,1368,1,4
100910152,2023,7880,1,4
100910152,2023,5712,1,4
100910152,2023,11011,1,4
100910152,2023,2789,1,4
100910152,2023,3932,1,4
100910152,2023,6766,1,4
100910152,2023,7132,1,4
100910152,2023,4725,1,4
100910152,2023,1249,1,4
100910152,2024,5644,1,4
100910152,2024,659,1,4
100910152,2024,3316,1,4
100910152,2024,647,1,4
100910152,2024,3365,1,4
100910152,2024,4349,1,4
100910152,2024,3232,1,5
100910152,2024,4350,1,5
100910152,2024,11969,1,5
100910152,2024,11356,1,5
100910152,2024,5038,1,4
100910152,2024,10340,1,5
100910152,2024,1860,1,5
100910152,2024,2677,1,3
100910152,2024,2113,1,5
100910152,2024,4088,1,5
100910152,2024,6921,1,5
100910152,2024,2762,1,4
100910152,2024,6026,1,5
100910152,2024,1602,1,4
100910152,2024,3867,1,4
100910152,2024,4585,1,4
100910152,2024,4031,1,4
100910152,2024,5383,1,4
100910152,2024,2,2,8
100910152,2024,1269,1,4
100910152,2024,1807,1,4
100910152,2024,1908,1,4
100910152,2024,2458,1,0
100910152,2024,794,1,4
100910204,2022,1399,1,4
100910204,2022,623,1,4
100910204,2022,2,7,8
100910204,2022,694,1,4
100910204,2022,3935,1,4
100910204,2022,1458,1,4
100910204,2022,2458,2,0
100910204,2022,2115,1,4
100910204,2022,2981,1,0
100910204,2022,943,1,4
100910204,2022,3018,1,4
100910204,2022,5020,1,4
100910204,2022,1356,1,4
100910204,2022,4729,1,4
100910204,2022,1554,1,4
100910204,2022,2793,1,4
100910204,2022,2529,1,4
100910204,2022,7497,1,4
100910204,2022,5910,1,4
100910204,2022,3797,1,4
100910204,2022,4685,1,4
100910204,2022,6545,1,4
100910204,2022,8718,1,4
100910204,2022,7002,1,4
100910204,2022,8537,1,4
100910204,2022,3755,1,4
100910204,2022,8112,1,4
100910204,2022,11007,1,4
100910204,2022,6308,1,4
100910204,2022,1820,1,4
100910204,2022,7934,1,4
100910204,2022,3781,1,4
100910204,2022,11999,1,4
100910204,2022,4886,1,4
100910204,2022,2776,2,5
100910204,2022,9472,1,5
100910204,2022,12138,1,1
100910204,2022,2732,1,5
100910204,2022,4827,1,1
100910204,2022,4281,1,4
100910204,2022,1450,1,4
100910204,2022,1366,1,4
100910204,2022,8191,1,4
100910204,2022,3972,1,4
100910204,2022,6779,1,4
100910204,2022,11933,1,4
100910204,2022,1543,1,4
100910204,2022,2254,1,4
100910204,2022,3013,1,4
100910204,2022,5649,1,4
100910204,2022,13903,1,4
100910204,2022,8234,1,4
100910204,2022,7058,1,4
100910204,2022,751,1,4
100910204,2023,2,4,8
100910204,2023,12877,1,4
100910204,2023,3334,1,4
100910204,2023,3598,1,4
100910204,2023,2115,1,4
100910204,2023,5409,5,4
100910204,2023,4039,1,4
100910204,2023,8488,1,4
100910204,2023,510,1,4
100910204,2023,3675,1,4
100910204,2023,1562,1,4
100910204,2023,4590,1,4
100910204,2023,2204,1,4
100910204,2023,8700,1,4
100910204,2023,6561,1,4
100910204,2023,8309,1,4
100910204,2023,2983,1,4
100910204,2023,6204,1,4
100910204,2023,5813,1,4
100910204,2023,2858,1,4
100910204,2023,4705,1,4
100910204,2023,2127,1,4
100910204,2023,8725,1,4
100910204,2023,6979,1,4
100910204,2023,3564,1,4
100910204,2023,6005,1,4
100910204,2023,8729,1,4
100910204,2023,1977,1,4
100910204,2023,4167,1,4
100910204,2023,1742,1,4
100910204,2023,9466,1,4
100910204,2023,8137,1,4
100910204,2023,2249,1,4
100910204,2023,6206,1,4
100910204,2023,4258,1,5
100910204,2023,5808,1,5
100910204,2023,1098,1,5
100910204,2023,3596,1,5
100910204,2023,10318,1,5
100910204,2023,12188,1,1
100910204,2023,2783,1,4
100910204,2023,323,1,4
100910204,2023,654,2,4
100910204,2023,15216,1,0
100910204,2023,8208,1,4
100910204,2023,5980,1,4
100910204,2023,3013,1,4
100910204,2023,2654,1,4
100910204,2023,2849,1,4
100910204,2023,1618,2,4
100910204,2023,2102,1,4
100910204,2023,6794,1,4
100910204,2023,3219,1,4
100910204,2023,355,1,4
100910204,2024,4494,1,4
100910204,2024,1757,1,4
100910204,2024,4068,1,4
100910204,2024,7550,1,4
100910204,2024,4798,1,4
100910204,2024,8317,1,4
100910204,2024,7170,1,4
100910204,2024,3516,1,4
100910204,2024,8104,1,4
100910204,2024,1840,1,0
100910204,2024,1399,1,4
100910204,2024,2377,1,4
100910204,2024,1677,1,4
100910204,2024,6245,1,4
100910204,2024,12881,1,5
100910204,2024,2013,1,4
100910204,2024,4355,1,4
100910204,2024,7565,1,4
100910204,2024,3972,1,4
100910204,2024,654,1,4
100910204,2024,1369,1,4
100910204,2024,2329,1,4
100910204,2024,2197,1,4
100910204,2024,2,1,8
100910204,2024,4973,1,4
100910204,2024,1458,1,4
100910204,2024,1780,3,4
100910204,2024,2458,2,0
100910204,2024,2115,1,4
100910231,2022,2432,1,4
100910231,2022,3532,4,4
100910231,2022,2,5,8
100910231,2022,1807,1,4
100910231,2022,1780,2,4
100910231,2022,3476,1,4
100910231,2022,1073,1,4
100910231,2022,866,1,4
100910231,2022,1471,1,4
100910231,2022,3271,1,4
100910231,2022,2526,1,4
100910231,2022,1106,1,4
100910231,2022,773,1,4
100910231,2022,1525,1,4
100910231,2022,2417,1,4
100910231,2022,4645,1,4
100910231,2022,763,1,4
100910231,2022,3500,1,4
100910231,2022,2706,1,4
100910231,2022,1092,1,4
100910231,2022,8315,1,4
100910231,2022,2605,1,4
100910231,2022,2986,1,4
100910231,2022,1534,1,4
100910231,2022,634,1,4
100910231,2022,4534,1,0
100910231,2022,890,1,4
100910231,2022,1575,1,4
100910231,2022,579,1,4
100910231,2022,1915,1,4
100910231,2022,1156,1,4
100910231,2022,145,1,4
100910231,2022,5344,1,4
100910231,2022,651,1,4
100910231,2022,6124,1,3
100910231,2022,2779,1,5
100910231,2022,2832,1,5
100910231,2022,5331,1,4
100910231,2022,4506,1,2
100910231,2022,134,1,0
100910231,2022,1411,3,4
100910231,2022,3122,1,4
100910231,2022,1144,1,4
100910231,2022,5093,1,4
100910231,2022,4107,1,4
100910231,2022,3181,1,4
100910231,2022,2973,1,4
100910231,2022,2789,2,4
100910231,2022,4022,1,4
100910231,2022,3219,1,4
100910231,2022,1501,1,4
100910231,2023,4926,1,4
100910231,2023,1806,1,0
100910231,2023,3311,1,0
100910231,2023,2,9,8
100910231,2023,7891,1,4
100910231,2023,2902,1,4
100910231,2023,1807,2,4
100910231,2023,1458,2,4
100910231,2023,1780,1,4
100910231,2023,2981,1,0
100910231,2023,7051,1,4
100910231,2023,3476,1,4
100910231,2023,659,1,4
100910231,2023,3270,1,0
100910231,2023,5462,1,4
100910231,2023,6378,1,4
100910231,2023,3600,1,4
100910231,2023,3479,1,4
100910231,2023,1942,1,4
100910231,2023,763,1,4
100910231,2023,2464,1,4
100910231,2023,754,1,4
100910231,2023,886,1,4
100910231,2023,3863,1,4
100910231,2023,1578,1,4
100910231,2023,11413,1,4
100910231,2023,547,1,4
100910231,2023,5025,1,4
100910231,2023,1980,2,4
100910231,2023,1994,1,4
100910231,2023,1875,1,5
100910231,2023,3916,1,5
100910231,2023,11738,1,5
100910231,2023,7743,1,4
100910231,2023,5192,1,2
100910231,2023,1698,1,4
100910231,2023,1628,1,4
100910231,2023,3972,1,4
100910231,2023,589,1,2
100910231,2023,248,1,4
100910231,2023,2715,1,4
100910231,2023,10688,1,4
100910231,2023,2387,1,4
100910231,2023,2271,1,4
100910231,2023,2789,2,4
100910231,2023,1608,1,4
100910231,2023,1457,1,4
100910231,2023,657,1,4
100910231,2023,2039,1,4
100910231,2023,2391,1,4
100910231,2024,5294,1,4
100910231,2024,3385,1,4
100910231,2024,3500,1,4
100910231,2024,6773,1,4
100910231,2024,9400,1,4
100910231,2024,2088,1,4
100910231,2024,3442,1,4
100910231,2024,1625,1,4
100910231,2024,791,1,4
100910231,2024,7123,1,4
100910231,2024,1399,1,4
100910231,2024,3863,1,4
100910231,2024,1578,1,4
100910231,2024,4349,1,4
100910231,2024,5344,1,4
100910231,2024,5042,1,4
100910231,2024,1980,1,4
100910231,2024,2672,1,4
100910231,2024,413,1,3
100910231,2024,2778,1,5
100910231,2024,3348,1,5
100910231,2024,1291,1,4
100910231,2024,612,1,5
100910231,2024,1724,1,4
100910231,2024,1204,1,4
100910231,2024,3962,1,4
100910231,2024,6094,1,4
100910231,2024,3671,1,4
100910231,2024,4138,1,4
100910231,2024,408,1,4
100910231,2024,2789,1,4
100910231,2024,154,1,4
100910231,2024,856,1,4
100910231,2024,4487,1,4
100910231,2024,2,2,8
100910231,2024,1458,3,4
100910231,2024,5359,1,4
100910231,2024,2768,1,4
100910249,2022,3535,1,4
100910249,2022,5836,1,4
100910249,2022,1806,1,0
100910249,2022,2,5,8
100910249,2022,1807,1,4
100910249,2022,1458,1,4
100910249,2022,2458,1,0
100910249,2022,2115,1,4
100910249,2022,2981,1,0
100910249,2022,5409,1,4
100910249,2022,4188,1,4
100910249,2022,2751,1,4
100910249,2022,8686,1,4
100910249,2022,2768,1,4
100910249,2022,3222,1,4
100910249,2022,5278,1,4
100910249,2022,3092,1,4
100910249,2022,4912,1,4
100910249,2022,2440,1,4
100910249,2022,156,1,4
100910249,2022,7794,1,4
100910249,2022,3441,1,4
100910249,2022,1790,1,4
100910249,2022,12434,1,4
100910249,2022,2795,1,4
100910249,2022,3957,1,4
100910249,2022,4202,1,0
100910249,2022,5737,1,2
100910249,2022,8334,1,4
100910249,2022,890,1,4
100910249,2022,8449,2,4
100910249,2022,2421,1,4
100910249,2022,3863,1,4
100910249,2022,6437,1,4
100910249,2022,2422,1,4
100910249,2022,3257,1,4
100910249,2022,651,1,4
100910249,2022,2354,1,4
100910249,2022,2776,1,5
100910249,2022,991,1,3
100910249,2022,2778,1,5
100910249,2022,1691,1,5
100910249,2022,3349,1,5
100910249,2022,1767,1,5
100910249,2022,3882,1,4
100910249,2022,638,1,4
100910249,2022,4617,1,4
100910249,2022,1164,1,4
100910249,2022,1411,1,4
100910249,2022,3859,1,4
100910249,2022,8636,1,4
100910249,2022,7880,1,4
100910249,2022,3962,1,4
100910249,2022,5426,1,4
100910249,2022,6499,1,4
100910249,2022,9065,1,4
100910249,2022,1965,1,4
100910249,2023,1399,1,4
100910249,2023,13260,1,4
100910249,2023,3532,1,4
100910249,2023,1504,1,4
100910249,2023,191,1,4
100910249,2023,2,7,8
100910249,2023,8664,1,4
100910249,2023,5642,1,4
100910249,2023,1458,1,4
100910249,2023,2458,1,0
100910249,2023,2981,1,0
100910249,2023,5409,2,4
100910249,2023,402,1,4
100910249,2023,660,1,4
100910249,2023,7555,1,4
100910249,2023,7473,1,4
100910249,2023,19,1,4
100910249,2023,7077,1,4
100910249,2023,1382,1,4
100910249,2023,420,1,4
100910249,2023,1444,1,4
100910249,2023,4242,1,4
100910249,2023,2204,1,4
100910249,2023,8700,1,4
100910249,2023,264,1,4
100910249,2023,12440,1,4
100910249,2023,11039,1,4
100910249,2023,2986,1,4
100910249,2023,3957,1,4
100910249,2023,8324,1,4
100910249,2023,7123,1,4
100910249,2023,5798,1,4
100910249,2023,3755,1,4
100910249,2023,3806,1,4
100910249,2023,7129,1,4
100910249,2023,35,1,0
100910249,2023,2400,1,2
100910249,2023,5468,1,4
100910249,2023,12536,1,5
100910249,2023,6939,1,5
100910249,2023,2968,1,5
100910249,2023,3027,1,4
100910249,2023,54,1,4
100910249,2023,1164,1,4
100910249,2023,1411,2,4
100910249,2023,654,1,4
100910249,2023,1724,1,4
100910249,2023,12046,1,4
100910249,2023,1266,1,4
100910249,2023,2789,1,4
100910249,2023,9777,1,4
100910249,2023,6538,1,4
100910249,2023,7058,1,4
100910249,2023,12235,1,4
100910249,2023,2915,1,4
100910249,2024,5275,1,4
100910249,2024,1732,1,4
100910249,2024,2461,1,4
100910249,2024,7738,1,4
100910249,2024,2088,1,4
100910249,2024,2795,1,4
100910249,2024,360,1,4
100910249,2024,7123,1,4
100910249,2024,4294,1,0
100910249,2024,4258,1,5
100910249,2024,1399,1,4
100910249,2024,9471,1,5
100910249,2024,2098,1,4
100910249,2024,3396,1,4
100910249,2024,9576,1,4
100910249,2024,1411,1,4
100910249,2024,8208,1,4
100910249,2024,2,5,8
100910249,2024,1458,3,4
100910249,2024,2458,1,0
100910249,2024,2115,1,4
100910249,2024,7896,1,4
100910249,2024,5409,3,4
100910249,2024,4582,1,4
100910258,2022,1705,1,4
100910258,2022,2,3,8
100910258,2022,9719,1,4
100910258,2022,70,1,4
100910258,2022,1458,1,4
100910258,2022,2200,1,4
100910258,2022,3336,1,4
100910258,2022,5607,1,4
100910258,2022,5002,1,4
100910258,2022,2225,1,4
100910258,2022,1560,1,4
100910258,2022,6890,1,4
100910258,2022,2086,1,2
100910258,2022,1713,1,4
100910258,2022,1092,1,4
100910258,2022,2986,1,4
100910258,2022,3114,1,4
100910258,2022,407,1,4
100910258,2022,1578,1,4
100910258,2022,4885,1,4
100910258,2022,6238,1,4
100910258,2022,4350,1,5
100910258,2022,4168,1,5
100910258,2022,12636,1,5
100910258,2022,1996,1,5
100910258,2022,1281,1,5
100910258,2022,9178,1,1
100910258,2022,5391,1,3
100910258,2022,4661,1,5
100910258,2022,7870,1,1
100910258,2022,6036,1,4
100910258,2022,4878,1,4
100910258,2022,3471,1,4
100910258,2022,1011,1,2
100910258,2022,4369,1,4
100910258,2022,5347,1,4
100910258,2022,9377,1,4
100910258,2022,9320,1,4
100910258,2022,4172,1,4
100910258,2023,2432,1,4
100910258,2023,1806,1,0
100910258,2023,505,1,2
100910258,2023,2,9,8
100910258,2023,2814,1,2
100910258,2023,1807,1,4
100910258,2023,1780,3,4
100910258,2023,600,1,4
100910258,2023,2172,1,4
100910258,2023,5050,1,4
100910258,2023,2416,1,4
100910258,2023,7345,1,4
100910258,2023,4269,1,4
100910258,2023,1559,1,4
100910258,2023,3797,1,4
100910258,2023,9504,1,4
100910258,2023,1579,1,4
100910258,2023,5879,1,4
100910258,2023,2612,1,4
100910258,2023,979,1,4
100910258,2023,7469,1,5
100910258,2023,10829,1,5
100910258,2023,10409,1,5
100910258,2023,11984,1,5
100910258,2023,7408,1,1
100910258,2023,9197,1,5
100910258,2023,10499,1,3
100910258,2023,1986,1,4
100910258,2023,3002,1,0
100910258,2023,6471,1,4
100910258,2023,455,1,4
100910258,2023,9776,1,4
100910258,2024,6022,1,4
100910258,2024,1684,1,4
100910258,2024,1787,1,4
100910258,2024,773,1,4
100910258,2024,7610,1,4
100910258,2024,9650,1,4
100910258,2024,380,1,4
100910258,2024,1385,1,4
100910258,2024,3140,1,4
100910258,2024,290,1,4
100910258,2024,8877,1,4
100910258,2024,578,1,4
100910258,2024,971,1,2
100910258,2024,272,1,4
100910258,2024,1744,1,4
100910258,2024,1764,1,5
100910258,2024,2642,1,1
100910258,2024,3327,1,4
100910258,2024,1344,1,4
100910258,2024,3972,1,4
100910258,2024,618,1,4
100910258,2024,2,2,8
100910258,2024,3671,1,4
100910258,2024,4083,1,2
100910258,2024,2765,1,4
100910258,2024,6232,1,4
100910258,2024,1780,1,4
100910258,2024,1609,1,4
100910258,2024,2145,1,4
100910258,2024,4571,1,4
100910267,2022,1399,2,4
100910267,2022,1210,2,4
100910267,2022,3532,2,4
100910267,2022,2,1,8
100910267,2022,3087,1,4
100910267,2022,6332,1,4
100910267,2022,8664,1,4
100910267,2022,12007,3,4
100910267,2022,5642,1,4
100910267,2022,4954,1,4
100910267,2022,1458,2,4
100910267,2022,5409,1,4
100910267,2022,1509,1,4
100910267,2022,1086,1,4
100910267,2022,2121,1,4
100910267,2022,7051,1,4
100910267,2022,5334,1,4
100910267,2022,1784,1,4
100910267,2022,12232,1,4
100910267,2022,2415,1,4
100910267,2022,1554,7,4
100910267,2022,7555,1,4
100910267,2022,3478,1,4
100910267,2022,1731,1,4
100910267,2022,3139,1,4
100910267,2022,2919,1,4
100910267,2022,2529,1,4
100910267,2022,1074,2,4
100910267,2022,7369,1,4
100910267,2022,763,1,4
100910267,2022,8515,1,4
100910267,2022,8310,1,4
100910267,2022,13617,1,4
100910267,2022,1339,1,4
100910267,2022,12267,1,4
100910267,2022,4069,1,4
100910267,2022,8320,1,4
100910267,2022,6966,1,4
100910267,2022,3443,1,2
100910267,2022,1974,1,4
100910267,2022,3806,2,4
100910267,2022,1975,1,4
100910267,2022,1230,1,4
100910267,2022,9464,1,4
100910267,2022,3006,1,4
100910267,2022,1677,1,4
100910267,2022,11151,1,4
100910267,2022,6786,1,4
100910267,2022,1134,1,4
100910267,2022,1039,1,2
100910267,2022,2249,1,4
100910267,2022,4079,1,3
100910267,2022,12532,1,4
100910267,2022,4556,1,4
100910267,2022,12922,1,4
100910267,2022,12023,2,4
100910267,2022,3583,1,4
100910267,2022,15217,1,4
100910267,2022,1411,2,4
100910267,2022,654,3,4
100910267,2022,8636,4,4
100910267,2022,2653,1,2
100910267,2022,8425,1,4
100910267,2022,3013,3,4
100910267,2022,567,1,4
100910267,2022,9702,1,4
100910267,2022,1058,1,4
100910267,2022,12052,1,4
100910267,2022,2037,2,4
100910267,2022,7510,1,4
100910267,2022,1014,1,4
100910267,2022,4184,1,4
100910267,2022,1457,1,4
100910267,2022,9776,3,4
100910267,2022,325,1,4
100910267,2022,4015,1,4
100910267,2023,1399,1,4
100910267,2023,1291,1,4
100910267,2023,2,9,8
100910267,2023,3938,1,4
100910267,2023,3935,1,4
100910267,2023,8461,1,4
100910267,2023,12007,1,4
100910267,2023,6243,1,4
100910267,2023,1458,1,4
100910267,2023,762,1,4
100910267,2023,2275,1,4
100910267,2023,534,1,4
100910267,2023,3715,1,4
100910267,2023,8686,1,4
100910267,2023,6740,1,4
100910267,2023,1554,4,4
100910267,2023,1471,1,4
100910267,2023,12013,1,4
100910267,2023,2919,1,4
100910267,2023,6098,1,4
100910267,2023,1443,1,4
100910267,2023,2544,1,4
100910267,2023,4068,1,4
100910267,2023,4704,1,4
100910267,2023,9532,1,4
100910267,2023,13749,1,4
100910267,2023,2227,1,4
100910267,2023,8310,1,4
100910267,2023,3575,1,4
100910267,2023,2301,1,4
100910267,2023,12039,1,4
100910267,2023,962,1,4
100910267,2023,8715,1,4
100910267,2023,10128,1,4
100910267,2023,1575,1,4
100910267,2023,1445,1,4
100910267,2023,3806,2,4
100910267,2023,183,1,4
100910267,2023,35,17,0
100910267,2023,6134,1,0
100910267,2023,8137,1,4
100910267,2023,2249,1,4
100910267,2023,3099,1,4
100910267,2023,8177,1,4
100910267,2023,15217,1,4
100910267,2023,1366,1,4
100910267,2023,3471,1,4
100910267,2023,1411,1,4
100910267,2023,3972,1,4
100910267,2023,654,7,4
100910267,2023,1724,2,4
100910267,2023,3544,2,4
100910267,2023,5590,1,4
100910267,2023,3568,1,4
100910267,2023,7222,1,4
100910267,2023,3013,3,4
100910267,2023,3103,1,4
100910267,2023,3919,1,4
100910267,2023,6553,1,4
100910267,2023,4267,1,4
100910267,2023,1247,1,4
100910267,2023,656,1,4
100910267,2023,1457,2,4
100910267,2023,9776,1,4
100910267,2023,190,1,4
100910267,2023,410,1,4
100910267,2024,1458,1,4
100910267,2024,7614,1,0
100910267,2024,718,1,4
100910267,2024,5409,1,4
100910267,2024,1509,1,4
100910267,2024,4123,1,4
100910267,2024,3018,1,4
100910267,2024,3745,1,4
100910267,2024,3985,1,4
100910267,2024,7559,1,4
100910267,2024,3535,1,4
100910267,2024,7149,1,4
100910267,2024,6539,1,4
100910267,2024,1514,1,4
100910267,2024,5900,1,4
100910267,2024,2415,1,4
100910267,2024,1554,4,4
100910267,2024,7102,1,4
100910267,2024,7555,1,4
100910267,2024,2919,1,4
100910267,2024,1250,1,4
100910267,2024,1210,1,4
100910267,2024,6234,1,4
100910267,2024,2529,1,4
100910267,2024,155,1,4
100910267,2024,1942,1,4
100910267,2024,14221,1,4
100910267,2024,7912,1,4
100910267,2024,1339,1,4
100910267,2024,1227,1,4
100910267,2024,4069,3,4
100910267,2024,491,1,4
100910267,2024,483,17,8
100910267,2024,3999,1,4
100910267,2024,3957,1,4
100910267,2024,12882,1,4
100910267,2024,3806,2,4
100910267,2024,10229,1,4
100910267,2024,3426,1,0
100910267,2024,4436,1,4
100910267,2024,1577,1,4
100910267,2024,12381,1,4
100910267,2024,1446,1,4
100910267,2024,2,3,8
100910267,2024,4044,1,4
100910267,2024,1078,1,4
100910267,2024,2422,1,4
100910267,2024,1363,1,4
100910267,2024,2067,1,4
100910267,2024,7448,1,4
100910267,2024,12061,1,4
100910267,2024,9156,1,4
100910267,2024,12480,1,4
100910267,2024,1161,1,4
100910267,2024,7141,1,4
100910267,2024,12922,1,4
100910267,2024,3055,1,4
100910267,2024,5849,1,4
100910267,2024,4832,1,4
100910267,2024,3526,1,4
100910267,2024,779,1,4
100910267,2024,6812,1,4
100910267,2024,1367,1,4
100910267,2024,1899,1,4
100910267,2024,654,8,4
100910267,2024,1352,1,4
100910267,2024,1724,1,4
100910267,2024,3544,2,4
100910267,2024,8636,1,4
100910267,2024,1242,1,4
100910267,2024,1057,1,4
100910267,2024,5850,1,4
100910267,2024,2295,1,4
100910267,2024,6499,1,4
100910267,2024,2360,1,4
100910267,2024,1205,1,4
100910267,2024,3965,1,4
100910267,2024,6222,1,4
100910267,2024,2194,1,4
100910267,2024,1312,1,4
100910267,2024,7512,1,4
100910267,2024,655,1,0
100910267,2024,640,1,4
100910267,2024,4184,2,4
100910267,2024,9776,5,4
100910267,2024,4725,1,4
100910267,2024,1289,1,4
100910267,2024,1176,1,4
100910285,2022,2587,1,2
100910285,2022,2,2,8
100910285,2022,1178,1,4
100910285,2022,1354,1,0
100910285,2022,3403,1,4
100910285,2022,1070,1,4
100910285,2022,3476,1,4
100910285,2022,659,1,4
100910285,2022,2539,1,2
100910285,2022,276,1,4
100910285,2022,946,1,2
100910285,2022,509,1,4
100910285,2022,2768,1,4
100910285,2022,4644,1,2
100910285,2022,2542,1,2
100910285,2022,763,1,4
100910285,2022,6099,1,2
100910285,2022,5056,1,2
100910285,2022,1423,1,4
100910285,2022,698,1,2
100910285,2022,971,4,2
100910285,2022,3913,1,4
100910285,2022,6101,1,5
100910285,2022,5176,1,1
100910285,2022,1919,1,5
100910285,2022,10496,1,3
100910285,2022,11860,1,3
100910285,2022,1051,1,2
100910285,2022,3883,1,4
100910285,2022,2653,1,2
100910285,2022,1060,1,4
100910285,2022,936,1,4
100910285,2022,1608,1,4
100910285,2022,2584,1,2
100910285,2022,1062,1,2
100910285,2022,4780,1,2
100910285,2022,1067,1,2
100910285,2023,3311,1,0
100910285,2023,2588,1,2
100910285,2023,2,5,8
100910285,2023,4904,1,4
100910285,2023,3403,1,4
100910285,2023,1509,1,4
100910285,2023,2538,2,2
100910285,2023,1018,1,2
100910285,2023,2511,1,2
100910285,2023,3308,1,4
100910285,2023,3420,1,2
100910285,2023,4644,1,2
100910285,2023,5100,1,2
100910285,2023,2500,1,4
100910285,2023,3459,1,4
100910285,2023,2753,1,4
100910285,2023,2545,1,2
100910285,2023,959,1,2
100910285,2023,1025,1,2
100910285,2023,2771,1,2
100910285,2023,6624,1,2
100910285,2023,5203,1,2
100910285,2023,5167,1,2
100910285,2023,889,1,0
100910285,2023,2556,1,2
100910285,2023,1031,1,2
100910285,2023,969,1,4
100910285,2023,839,1,2
100910285,2023,5080,1,4
100910285,2023,971,1,2
100910285,2023,2670,1,2
100910285,2023,973,1,2
100910285,2023,2560,1,4
100910285,2023,3207,1,4
100910285,2023,2614,1,2
100910285,2023,899,1,2
100910285,2023,7236,1,3
100910285,2023,2567,1,3
100910285,2023,1985,1,5
100910285,2023,11260,1,5
100910285,2023,6190,1,5
100910285,2023,5382,1,5
100910285,2023,12663,1,3
100910285,2023,2642,1,1
100910285,2023,1143,1,2
100910285,2023,999,1,4
100910285,2023,923,1,2
100910285,2023,2653,1,2
100910285,2023,930,1,4
100910285,2023,2583,1,2
100910285,2023,1285,1,4
100910285,2023,397,1,4
100910285,2023,10376,1,1
100910285,2023,1902,1,2
100910285,2023,938,1,4
100910285,2023,4444,1,4
100910285,2023,3664,1,2
100910285,2024,2592,1,2
100910285,2024,1780,2,4
100910285,2024,2595,1,4
100910285,2024,2748,1,4
100910285,2024,2538,1,2
100910285,2024,2539,1,2
100910285,2024,263,1,2
100910285,2024,10043,1,2
100910285,2024,5161,1,4
100910285,2024,6649,1,4
100910285,2024,854,1,2
100910285,2024,869,1,4
100910285,2024,2665,1,4
100910285,2024,5841,1,4
100910285,2024,1021,1,2
100910285,2024,411,1,2
100910285,2024,2543,1,2
100910285,2024,6636,1,4
100910285,2024,6301,1,2
100910285,2024,1092,1,4
100910285,2024,5057,1,2
100910285,2024,2587,1,2
100910285,2024,1127,1,4
100910285,2024,1027,1,2
100910285,2024,2549,1,2
100910285,2024,846,1,2
100910285,2024,3652,1,4
100910285,2024,1030,1,2
100910285,2024,3634,1,4
100910285,2024,971,2,2
100910285,2024,974,2,2
100910285,2024,2612,1,4
100910285,2024,1024,1,2
100910285,2024,2613,1,2
100910285,2024,5170,1,2
100910285,2024,1036,1,2
100910285,2024,1874,1,4
100910285,2024,518,1,4
100910285,2024,898,1,4
100910285,2024,2561,1,2
100910285,2024,2673,1,4
100910285,2024,12812,1,3
100910285,2024,10306,1,3
100910285,2024,2,2,8
100910285,2024,5830,1,5
100910285,2024,4028,1,5
100910285,2024,5114,1,3
100910285,2024,12832,1,3
100910285,2024,908,1,3
100910285,2024,11408,1,3
100910285,2024,842,1,5
100910285,2024,10302,1,5
100910285,2024,914,1,2
100910285,2024,1051,1,2
100910285,2024,3256,1,0
100910285,2024,2582,1,2
100910285,2024,917,1,4
100910285,2024,1000,1,4
100910285,2024,918,1,4
100910285,2024,923,2,2
100910285,2024,3248,1,4
100910285,2024,3397,1,2
100910285,2024,1373,1,4
100910285,2024,4383,1,4
100910285,2024,10376,1,1
100910285,2024,5895,1,4
100910285,2024,934,1,2
100910285,2024,1999,1,4
100910285,2024,1608,1,4
100910285,2024,5243,1,2
100910285,2024,2584,1,2
100910285,2024,3399,1,4
100910285,2024,5230,1,2
100910285,2024,3664,1,2
100910285,2024,2661,1,2
100910285,2024,1906,1,2
100910285,2024,2814,1,2
100990017,2024,4552,1,4
100990017,2024,1588,1,5
100990017,2024,2895,1,5
100990017,2024,584,1,5
100990017,2024,1239,1,4
100990017,2024,2386,1,4
100990017,2024,2,1,8
100990017,2024,3715,1,4
100990017,2024,8021,1,4
100990017,2024,276,1,4
100990017,2024,1020,1,0
100990017,2024,5362,1,4
100990017,2024,338,1,4
100990017,2024,3516,1,4
100990022,2022,3532,1,4
100990022,2022,1806,1,0
100990022,2022,2329,1,4
100990022,2022,2,3,8
100990022,2022,1458,1,4
100990022,2022,2458,1,0
100990022,2022,860,1,4
100990022,2022,7896,1,4
100990022,2022,2177,1,4
100990022,2022,5644,1,4
100990022,2022,13615,1,4
100990022,2022,8684,1,4
100990022,2022,14010,1,4
100990022,2022,5596,1,4
100990022,2022,7837,1,4
100990022,2022,1914,1,4
100990022,2022,1255,1,4
100990022,2022,1677,3,4
100990022,2022,1978,1,4
100990022,2022,6245,1,4
100990022,2022,1585,1,4
100990022,2022,8360,1,4
100990022,2022,5746,1,5
100990022,2022,4258,1,5
100990022,2022,11514,1,5
100990022,2022,9165,1,5
100990022,2022,9356,1,5
100990022,2022,8163,1,1
100990022,2022,7880,1,4
100990022,2022,2913,1,4
100990022,2022,1248,1,4
100990022,2022,2915,1,4
100990022,2023,1399,1,4
100990022,2023,1806,1,0
100990022,2023,13068,1,4
100990022,2023,2,6,8
100990022,2023,2591,1,4
100990022,2023,6332,1,4
100990022,2023,8467,1,4
100990022,2023,2200,1,4
100990022,2023,7264,1,4
100990022,2023,8841,1,4
100990022,2023,5409,1,4
100990022,2023,3380,1,4
100990022,2023,4251,1,4
100990022,2023,6795,1,4
100990022,2023,6732,1,4
100990022,2023,3443,1,2
100990022,2023,2109,1,4
100990022,2023,2804,1,4
100990022,2023,8555,1,4
100990022,2023,8343,1,4
100990022,2023,7934,1,4
100990022,2023,1978,2,4
100990022,2023,8119,1,4
100990022,2023,8121,1,4
100990022,2023,4119,1,4
100990022,2023,1869,1,5
100990022,2023,8163,1,1
100990022,2023,3368,1,5
100990022,2023,3372,1,4
100990022,2023,3566,1,4
100990022,2023,1411,1,4
100990022,2023,3135,1,4
100990022,2023,397,1,4
100990022,2023,6142,1,4
100990022,2023,1249,1,4
100990022,2023,8656,1,4
100990022,2024,5021,1,4
100990022,2024,4249,1,4
100990022,2024,7102,1,4
100990022,2024,6501,1,4
100990022,2024,5036,1,4
100990022,2024,647,1,4
100990022,2024,4528,1,4
100990022,2024,1738,1,4
100990022,2024,2375,1,0
100990022,2024,381,1,4
100990022,2024,1399,1,4
100990022,2024,3806,1,4
100990022,2024,1578,1,4
100990022,2024,1677,1,4
100990022,2024,1978,1,4
100990022,2024,2422,1,4
100990022,2024,8131,1,4
100990022,2024,6006,1,4
100990022,2024,11640,1,5
100990022,2024,13074,1,5
100990022,2024,2760,1,5
100990022,2024,2,1,8
100990022,2024,4635,1,4
100990022,2024,1411,1,4
100990022,2024,287,1,4
100990022,2024,3950,1,4
100990022,2024,2943,1,4
100990022,2024,1263,1,4
100990022,2024,2016,1,4
100990022,2024,2913,1,4
100990022,2024,3671,1,4
100990022,2024,6095,1,4
100990022,2024,503,1,4
100990022,2024,6538,1,4
100990022,2024,1458,3,4
100990022,2024,5409,1,4
100990022,2024,6973,1,4
100990022,2024,3358,1,4
100990022,2024,6193,1,4
100990029,2022,1399,1,4
100990029,2022,1806,1,0
100990029,2022,2329,1,4
100990029,2022,2,3,8
100990029,2022,1083,1,4
100990029,2022,1268,1,4
100990029,2022,2591,1,4
100990029,2022,12007,1,4
100990029,2022,1780,1,4
100990029,2022,2981,1,0
100990029,2022,1271,1,4
100990029,2022,1072,1,4
100990029,2022,4123,1,4
100990029,2022,2747,1,4
100990029,2022,1784,1,4
100990029,2022,3358,1,4
100990029,2022,1808,1,4
100990029,2022,720,1,2
100990029,2022,627,1,4
100990029,2022,5002,1,4
100990029,2022,1406,2,4
100990029,2022,1787,1,4
100990029,2022,773,1,4
100990029,2022,2770,1,4
100990029,2022,8054,1,4
100990029,2022,2204,1,4
100990029,2022,763,1,4
100990029,2022,3481,1,2
100990029,2022,1697,2,2
100990029,2022,2820,1,4
100990029,2022,1029,1,2
100990029,2022,3388,1,4
100990029,2022,6595,1,4
100990029,2022,392,1,4
100990029,2022,7393,2,4
100990029,2022,1097,1,4
100990029,2022,3229,1,4
100990029,2022,1980,1,4
100990029,2022,1039,1,2
100990029,2022,2776,1,5
100990029,2022,2346,1,5
100990029,2022,4308,1,4
100990029,2022,681,1,4
100990029,2022,1164,1,4
100990029,2022,1367,1,4
100990029,2022,1054,1,4
100990029,2022,2652,1,4
100990029,2022,3415,1,4
100990029,2022,1146,1,4
100990029,2022,6959,1,4
100990029,2022,387,1,4
100990029,2022,5347,1,4
100990029,2022,731,1,2
100990029,2022,1014,1,4
100990029,2022,4598,1,0
100990029,2022,1062,1,2
100990029,2022,2527,1,4
100990029,2023,3628,1,4
100990029,2023,2,8,8
100990029,2023,1268,1,4
100990029,2023,1084,1,4
100990029,2023,1070,1,4
100990029,2023,3475,1,4
100990029,2023,1784,1,4
100990029,2023,1104,1,4
100990029,2023,2875,1,4
100990029,2023,2663,1,4
100990029,2023,3630,1,4
100990029,2023,2793,1,4
100990029,2023,4237,1,4
100990029,2023,3675,1,4
100990029,2023,1106,1,4
100990029,2023,955,1,2
100990029,2023,2227,1,4
100990029,2023,513,1,4
100990029,2023,667,1,4
100990029,2023,2088,1,4
100990029,2023,6611,1,4
100990029,2023,3633,1,4
100990029,2023,308,1,4
100990029,2023,3863,1,4
100990029,2023,2377,1,4
100990029,2023,895,1,4
100990029,2023,1677,1,4
100990029,2023,1257,1,4
100990029,2023,2290,1,4
100990029,2023,1134,1,4
100990029,2023,2673,1,4
100990029,2023,6256,1,5
100990029,2023,2567,1,3
100990029,2023,4307,1,4
100990029,2023,258,1,4
100990029,2023,1162,1,2
100990029,2023,3874,1,4
100990029,2023,1724,1,4
100990029,2023,2839,1,4
100990029,2023,4338,1,4
100990029,2023,1011,1,2
100990029,2023,4339,1,4
100990029,2023,351,1,4
100990029,2023,3474,1,4
100990029,2023,1606,1,4
100990029,2023,1902,2,2
100990029,2023,399,1,4
100990029,2023,2163,1,4
100990029,2023,2105,1,4
100990029,2023,4780,1,2
100990029,2023,1501,1,4
100990029,2023,1067,1,2
100990029,2023,110,1,4
100990029,2023,1249,1,4
100990029,2024,1831,1,4
100990029,2024,2768,2,4
100990029,2024,2349,1,4
100990029,2024,2753,1,4
100990029,2024,1611,1,4
100990029,2024,3632,1,2
100990029,2024,1224,1,4
100990029,2024,1127,1,4
100990029,2024,1612,1,4
100990029,2024,883,1,4
100990029,2024,1399,1,4
100990029,2024,3387,1,4
100990029,2024,1320,1,0
100990029,2024,3676,1,4
100990029,2024,1840,1,0
100990029,2024,1095,1,4
100990029,2024,1975,1,4
100990029,2024,7492,1,4
100990029,2024,3863,1,4
100990029,2024,3446,1,4
100990029,2024,2560,1,4
100990029,2024,793,1,4
100990029,2024,1677,1,4
100990029,2024,10324,1,4
100990029,2024,520,1,4
100990029,2024,1745,1,4
100990029,2024,1980,1,4
100990029,2024,4028,1,5
100990029,2024,6895,1,5
100990029,2024,12691,1,3
100990029,2024,6663,1,3
100990029,2024,10614,1,5
100990029,2024,2,3,8
100990029,2024,10676,1,5
100990029,2024,1162,1,2
100990029,2024,681,1,4
100990029,2024,850,1,4
100990029,2024,2764,1,4
100990029,2024,1411,1,4
100990029,2024,3972,1,4
100990029,2024,6648,1,4
100990029,2024,927,1,4
100990029,2024,1285,1,4
100990029,2024,8463,1,4
100990029,2024,15218,1,0
100990029,2024,4038,1,4
100990029,2024,227,1,4
100990029,2024,1373,1,4
100990029,2024,1804,1,4
100990029,2024,1871,1,4
100990029,2024,1999,1,4
100990029,2024,1014,2,4
100990029,2024,4598,1,0
100990029,2024,1459,1,4
100990029,2024,1807,1,4
100990029,2024,11035,1,4
100990029,2024,154,1,4
100990029,2024,1458,1,4
100990029,2024,1908,1,4
100990029,2024,4864,1,4
100990030,2022,1399,1,4
100990030,2022,375,1,4
100990030,2022,2,4,8
100990030,2022,119,1,4
100990030,2022,1458,1,4
100990030,2022,1908,1,4
100990030,2022,1780,1,4
100990030,2022,2200,1,4
100990030,2022,1333,1,4
100990030,2022,2120,1,4
100990030,2022,192,1,4
100990030,2022,215,1,4
100990030,2022,1784,1,4
100990030,2022,231,1,4
100990030,2022,1808,1,4
100990030,2022,1217,1,4
100990030,2022,3692,1,4
100990030,2022,2752,1,4
100990030,2022,4512,1,4
100990030,2022,2768,1,4
100990030,2022,537,1,4
100990030,2022,1473,2,4
100990030,2022,331,1,4
100990030,2022,3674,1,4
100990030,2022,1406,1,4
100990030,2022,951,1,4
100990030,2022,3271,1,4
100990030,2022,2173,1,4
100990030,2022,1383,1,4
100990030,2022,872,1,4
100990030,2022,1106,1,4
100990030,2022,411,1,2
100990030,2022,4095,1,4
100990030,2022,540,1,4
100990030,2022,1525,1,4
100990030,2022,955,1,2
100990030,2022,1186,1,4
100990030,2022,25,1,4
100990030,2022,1697,1,2
100990030,2022,1914,3,4
100990030,2022,5315,1,2
100990030,2022,1572,1,4
100990030,2022,889,1,0
100990030,2022,6273,1,4
100990030,2022,2109,1,4
100990030,2022,1095,1,4
100990030,2022,2804,1,4
100990030,2022,1299,1,4
100990030,2022,437,2,4
100990030,2022,311,1,4
100990030,2022,266,1,4
100990030,2022,974,1,2
100990030,2022,7393,1,4
100990030,2022,2805,1,4
100990030,2022,1038,1,4
100990030,2022,3280,1,4
100990030,2022,382,1,4
100990030,2022,6124,1,3
100990030,2022,5345,1,5
100990030,2022,708,1,5
100990030,2022,2567,1,3
100990030,2022,7797,1,5
100990030,2022,1114,1,5
100990030,2022,13465,1,3
100990030,2022,2291,1,5
100990030,2022,7400,1,5
100990030,2022,5126,1,5
100990030,2022,10727,1,5
100990030,2022,1162,1,2
100990030,2022,2473,1,2
100990030,2022,3582,1,4
100990030,2022,3371,1,4
100990030,2022,917,1,4
100990030,2022,4749,1,2
100990030,2022,3858,1,4
100990030,2022,1080,1,4
100990030,2022,3471,1,4
100990030,2022,2070,1,4
100990030,2022,8810,1,4
100990030,2022,5888,1,4
100990030,2022,2653,3,2
100990030,2022,929,1,4
100990030,2022,1285,1,4
100990030,2022,6703,1,4
100990030,2022,2194,1,4
100990030,2022,1618,1,4
100990030,2022,2913,1,4
100990030,2022,1804,1,4
100990030,2022,591,1,4
100990030,2022,2789,1,4
100990030,2022,4083,1,2
100990030,2022,731,1,2
100990030,2022,1999,1,4
100990030,2022,716,1,4
100990030,2022,1314,1,4
100990030,2022,1062,1,2
100990030,2022,1149,1,4
100990030,2022,1457,2,4
100990030,2022,4780,2,2
100990030,2022,9776,1,4
100990030,2022,1375,1,4
100990030,2022,1082,1,2
100990030,2023,1399,1,4
100990030,2023,1904,1,4
100990030,2023,1806,1,0
100990030,2023,2329,2,4
100990030,2023,2,13,8
100990030,2023,2902,1,4
100990030,2023,6332,1,4
100990030,2023,1175,1,4
100990030,2023,1807,2,4
100990030,2023,1177,1,4
100990030,2023,1458,1,4
100990030,2023,860,1,4
100990030,2023,3403,1,4
100990030,2023,1863,1,4
100990030,2023,3316,1,4
100990030,2023,1442,1,4
100990030,2023,5359,1,4
100990030,2023,643,1,4
100990030,2023,2201,1,4
100990030,2023,948,1,4
100990030,2023,140,1,2
100990030,2023,1406,1,4
100990030,2023,2769,1,2
100990030,2023,78,1,4
100990030,2023,6364,1,4
100990030,2023,1106,1,4
100990030,2023,173,1,4
100990030,2023,875,1,2
100990030,2023,237,1,2
100990030,2023,262,1,4
100990030,2023,2324,1,4
100990030,2023,81,1,4
100990030,2023,1836,1,0
100990030,2023,4177,1,4
100990030,2023,3063,1,0
100990030,2023,609,1,4
100990030,2023,962,1,4
100990030,2023,1697,1,2
100990030,2023,2088,1,4
100990030,2023,648,1,4
100990030,2023,5736,1,4
100990030,2023,2605,1,4
100990030,2023,1425,1,4
100990030,2023,1914,1,4
100990030,2023,2247,1,4
100990030,2023,884,1,2
100990030,2023,7756,1,4
100990030,2023,3388,1,4
100990030,2023,3676,1,4
100990030,2023,697,1,4
100990030,2023,3755,1,4
100990030,2023,142,1,4
100990030,2023,468,1,4
100990030,2023,2443,1,4
100990030,2023,3485,1,4
100990030,2023,4423,1,4
100990030,2023,5760,1,2
100990030,2023,895,1,4
100990030,2023,1034,1,4
100990030,2023,1232,1,4
100990030,2023,392,1,4
100990030,2023,2891,1,4
100990030,2023,1257,1,4
100990030,2023,7393,1,4
100990030,2023,4226,1,2
100990030,2023,8359,1,4
100990030,2023,1688,1,5
100990030,2023,1588,1,5
100990030,2023,5799,1,5
100990030,2023,7241,2,5
100990030,2023,45,1,5
100990030,2023,1324,1,4
100990030,2023,3305,1,4
100990030,2023,2013,1,4
100990030,2023,2824,1,4
100990030,2023,1367,1,4
100990030,2023,2650,1,2
100990030,2023,1284,1,2
100990030,2023,8806,1,4
100990030,2023,57,1,4
100990030,2023,3472,1,2
100990030,2023,654,1,4
100990030,2023,832,1,4
100990030,2023,3415,1,4
100990030,2023,3811,1,4
100990030,2023,1119,1,4
100990030,2023,1606,1,4
100990030,2023,1247,1,4
100990030,2023,1014,1,4
100990030,2023,99,1,4
100990030,2023,640,3,4
100990030,2023,4780,3,2
100990030,2023,2164,1,4
100990030,2023,1209,1,4
100990030,2023,1082,1,2
100990030,2024,5642,1,4
100990030,2024,1807,1,4
100990030,2024,1458,1,4
100990030,2024,1780,2,4
100990030,2024,2115,1,4
100990030,2024,3403,1,4
100990030,2024,1509,1,4
100990030,2024,1853,1,4
100990030,2024,2538,1,2
100990030,2024,659,3,4
100990030,2024,2329,1,4
100990030,2024,7609,1,4
100990030,2024,1731,2,4
100990030,2024,1317,1,4
100990030,2024,2242,1,4
100990030,2024,1220,1,4
100990030,2024,1250,1,4
100990030,2024,2753,1,4
100990030,2024,773,1,4
100990030,2024,875,1,2
100990030,2024,763,1,4
100990030,2024,1415,1,4
100990030,2024,1025,1,2
100990030,2024,5321,1,4
100990030,2024,1277,1,4
100990030,2024,961,1,4
100990030,2024,609,1,4
100990030,2024,1295,1,4
100990030,2024,6805,1,4
100990030,2024,696,1,4
100990030,2024,882,1,4
100990030,2024,4273,1,4
100990030,2024,2,8,8
100990030,2024,577,1,2
100990030,2024,515,1,2
100990030,2024,2880,1,2
100990030,2024,1445,1,4
100990030,2024,3117,1,4
100990030,2024,1978,2,4
100990030,2024,4044,1,4
100990030,2024,1109,1,2
100990030,2024,2612,1,4
100990030,2024,2672,1,4
100990030,2024,1842,1,4
100990030,2024,901,1,2
100990030,2024,11399,1,5
100990030,2024,8378,1,1
100990030,2024,2780,1,5
100990030,2024,6663,1,3
100990030,2024,3348,1,5
100990030,2024,7753,1,5
100990030,2024,556,1,5
100990030,2024,1050,1,3
100990030,2024,914,1,2
100990030,2024,1906,1,2
100990030,2024,711,1,4
100990030,2024,6344,1,0
100990030,2024,730,1,4
100990030,2024,562,1,2
100990030,2024,1006,1,4
100990030,2024,850,1,4
100990030,2024,1262,1,4
100990030,2024,1164,1,4
100990030,2024,1411,2,4
100990030,2024,1724,1,4
100990030,2024,3644,1,4
100990030,2024,2653,1,2
100990030,2024,1011,1,2
100990030,2024,929,1,4
100990030,2024,1285,1,4
100990030,2024,1618,1,4
100990030,2024,3028,1,4
100990030,2024,1547,1,4
100990030,2024,2789,1,4
100990030,2024,399,1,4
100990030,2024,1014,2,4
100990030,2024,4581,1,4
100990030,2024,5198,1,2
100990030,2024,4780,1,2
100990030,2024,1067,2,2
100990030,2024,2814,1,2
100990034,2022,2885,1,4
100990034,2022,8003,1,4
100990034,2022,2,5,8
100990034,2022,4908,1,2
100990034,2022,2433,1,4
100990034,2022,1181,1,4
100990034,2022,8868,1,4
100990034,2022,6022,1,4
100990034,2022,2259,1,0
100990034,2022,1560,1,4
100990034,2022,4929,1,4
100990034,2022,3593,1,4
100990034,2022,3987,1,4
100990034,2022,4645,1,4
100990034,2022,1611,1,4
100990034,2022,1223,1,4
100990034,2022,1293,1,0
100990034,2022,4403,1,4
100990034,2022,647,1,4
100990034,2022,5653,1,4
100990034,2022,1858,1,4
100990034,2022,3716,1,4
100990034,2022,3443,1,2
100990034,2022,1298,1,4
100990034,2022,889,1,0
100990034,2022,11745,1,4
100990034,2022,2028,1,4
100990034,2022,3580,1,4
100990034,2022,7393,1,4
100990034,2022,5107,1,2
100990034,2022,1078,1,4
100990034,2022,2672,1,4
100990034,2022,2249,1,4
100990034,2022,12536,1,5
100990034,2022,2625,1,5
100990034,2022,7119,1,5
100990034,2022,9013,1,5
100990034,2022,8776,1,5
100990034,2022,8160,1,1
100990034,2022,15219,1,4
100990034,2022,1963,1,4
100990034,2022,13178,1,0
100990034,2022,7247,1,4
100990034,2022,5809,1,4
100990034,2022,2973,1,4
100990034,2022,3690,1,4
100990034,2022,1348,1,4
100990034,2022,2585,1,4
100990034,2023,2,10,8
100990034,2023,8250,1,4
100990034,2023,2981,1,0
100990034,2023,2460,1,4
100990034,2023,739,1,4
100990034,2023,1072,1,4
100990034,2023,5481,1,4
100990034,2023,6022,1,4
100990034,2023,7294,1,2
100990034,2023,6845,1,4
100990034,2023,1184,1,4
100990034,2023,4976,1,4
100990034,2023,7032,1,4
100990034,2023,1563,1,4
100990034,2023,2204,1,4
100990034,2023,954,1,4
100990034,2023,1173,1,4
100990034,2023,1295,1,4
100990034,2023,2088,1,4
100990034,2023,1532,1,0
100990034,2023,360,1,4
100990034,2023,1387,1,4
100990034,2023,649,1,4
100990034,2023,2377,1,4
100990034,2023,1978,1,4
100990034,2023,677,1,4
100990034,2023,2881,1,4
100990034,2023,3234,1,5
100990034,2023,10571,1,5
100990034,2023,2234,1,5
100990034,2023,2642,1,1
100990034,2023,1490,1,5
100990034,2023,3874,1,4
100990034,2023,5292,1,4
100990034,2023,4183,1,4
100990034,2023,1602,1,4
100990034,2023,2699,1,4
100990034,2023,8208,1,4
100990034,2023,397,1,4
100990034,2023,6085,1,0
100990034,2023,2508,1,4
100990034,2023,6766,1,4
100990034,2023,8223,1,4
100990034,2024,3438,1,4
100990034,2024,8488,1,4
100990034,2024,1472,1,4
100990034,2024,3199,1,4
100990034,2024,7489,1,4
100990034,2024,5775,1,4
100990034,2024,4418,1,4
100990034,2024,540,1,4
100990034,2024,8309,1,4
100990034,2024,2820,1,4
100990034,2024,788,1,4
100990034,2024,1408,1,4
100990034,2024,3255,1,4
100990034,2024,1840,1,0
100990034,2024,3595,1,0
100990034,2024,1133,1,4
100990034,2024,8134,1,0
100990034,2024,2218,1,4
100990034,2024,10946,1,5
100990034,2024,295,1,5
100990034,2024,9213,1,5
100990034,2024,2,7,8
100990034,2024,2472,1,5
100990034,2024,6947,1,5
100990034,2024,2901,1,5
100990034,2024,3349,1,5
100990034,2024,10452,1,5
100990034,2024,1628,1,4
100990034,2024,5510,1,4
100990034,2024,6477,1,4
100990034,2024,10923,1,4
100990034,2024,10257,1,4
100990034,2024,1728,1,4
100990034,2024,6779,1,4
100990034,2024,3000,1,4
100990034,2024,7691,1,2
100990034,2024,1263,1,4
100990034,2024,4714,1,4
100990034,2024,1603,1,4
100990034,2024,567,1,4
100990034,2024,1753,1,0
100990034,2024,3708,1,4
100990034,2024,3125,1,4
100990034,2024,2200,1,4
100990034,2024,4992,1,4
100990034,2024,3590,1,4
100990034,2024,1289,1,4
100990034,2024,1072,1,4
100990034,2024,2120,1,4
100990034,2024,2276,1,4
100990034,2024,230,1,4
100990038,2022,8876,1,4
100990038,2022,1399,1,4
100990038,2022,2329,1,4
100990038,2022,2,7,8
100990038,2022,3076,1,4
100990038,2022,2458,1,0
100990038,2022,1510,1,4
100990038,2022,2792,1,4
100990038,2022,2414,1,4
100990038,2022,2415,1,4
100990038,2022,1471,1,4
100990038,2022,6454,1,4
100990038,2022,4125,1,4
100990038,2022,3953,1,4
100990038,2022,12576,1,4
100990038,2022,2529,1,4
100990038,2022,1074,1,4
100990038,2022,2770,1,4
100990038,2022,3500,1,4
100990038,2022,6001,1,4
100990038,2022,3897,1,4
100990038,2022,1914,1,4
100990038,2022,6456,1,4
100990038,2022,1579,1,4
100990038,2022,1677,2,4
100990038,2022,974,1,2
100990038,2022,6245,1,4
100990038,2022,3781,2,4
100990038,2022,2216,1,4
100990038,2022,8571,1,4
100990038,2022,4566,1,4
100990038,2022,4258,1,5
100990038,2022,2471,1,5
100990038,2022,4182,1,5
100990038,2022,12412,1,5
100990038,2022,342,1,5
100990038,2022,9307,1,4
100990038,2022,9745,1,4
100990038,2022,8421,1,4
100990038,2022,3962,1,4
100990038,2022,2786,1,4
100990038,2022,2102,1,4
100990038,2022,1964,1,4
100990038,2022,9585,1,4
100990038,2023,1399,2,4
100990038,2023,2,8,8
100990038,2023,5656,1,4
100990038,2023,2458,1,0
100990038,2023,2115,1,4
100990038,2023,2981,1,0
100990038,2023,6834,1,4
100990038,2023,5409,2,4
100990038,2023,4559,1,4
100990038,2023,1554,1,4
100990038,2023,2768,1,4
100990038,2023,5002,1,4
100990038,2023,2919,1,4
100990038,2023,6462,1,4
100990038,2023,6479,1,4
100990038,2023,951,1,4
100990038,2023,2372,1,4
100990038,2023,1074,1,4
100990038,2023,3988,1,0
100990038,2023,8519,1,4
100990038,2023,8075,1,4
100990038,2023,1914,1,4
100990038,2023,8329,1,4
100990038,2023,1077,1,4
100990038,2023,2828,1,4
100990038,2023,1096,1,4
100990038,2023,1677,1,4
100990038,2023,7934,2,4
100990038,2023,1978,5,4
100990038,2023,4044,1,4
100990038,2023,9265,1,4
100990038,2023,11211,1,1
100990038,2023,6126,1,5
100990038,2023,559,1,4
100990038,2023,52,1,4
100990038,2023,4523,1,4
100990038,2023,1410,1,4
100990038,2023,5888,1,4
100990038,2023,2913,1,4
100990038,2023,2271,1,4
100990038,2023,408,1,4
100990038,2023,2850,1,4
100990038,2023,249,1,4
100990038,2023,1457,1,4
100990038,2023,1551,1,4
100990038,2024,2950,1,4
100990038,2024,13381,1,0
100990038,2024,2368,1,4
100990038,2024,3381,1,4
100990038,2024,2414,1,4
100990038,2024,1831,1,4
100990038,2024,2365,1,4
100990038,2024,3674,1,4
100990038,2024,177,1,4
100990038,2024,3161,1,4
100990038,2024,12756,1,4
100990038,2024,156,1,4
100990038,2024,2227,1,4
100990038,2024,2244,1,4
100990038,2024,6002,1,4
100990038,2024,542,1,4
100990038,2024,883,1,4
100990038,2024,8334,1,4
100990038,2024,890,1,4
100990038,2024,3806,1,4
100990038,2024,1677,1,4
100990038,2024,2885,1,4
100990038,2024,4320,1,4
100990038,2024,1821,1,4
100990038,2024,1390,1,4
100990038,2024,2426,1,4
100990038,2024,1678,1,5
100990038,2024,225,1,5
100990038,2024,3449,1,5
100990038,2024,6690,1,5
100990038,2024,2941,1,4
100990038,2024,1411,1,4
100990038,2024,2,5,8
100990038,2024,2783,1,4
100990038,2024,5888,1,4
100990038,2024,4183,1,4
100990038,2024,7880,1,4
100990038,2024,2848,1,4
100990038,2024,1310,1,4
100990038,2024,1438,1,4
100990038,2024,5660,1,4
100990038,2024,4852,1,4
100990038,2024,10606,1,0
100990038,2024,1332,1,4
100990038,2024,3528,1,4
100990038,2024,9776,1,4
100990038,2024,2348,1,4
100990038,2024,9319,1,4
100990038,2024,400,1,4
100990038,2024,7058,1,4
100990038,2024,6332,1,4
100990038,2024,8662,1,4
100990038,2024,1269,1,4
100990038,2024,2200,1,4
100990046,2022,1554,2,4
100990046,2022,35,3,0
100990046,2022,549,1,4
100990046,2022,3582,1,4
100990046,2022,5590,1,4
100990046,2022,3013,1,4
100990046,2022,12046,2,4
100990046,2023,630,1,4
100990046,2023,7103,1,4
100990046,2023,7934,1,4
100990046,2023,35,5,0
100990046,2023,4486,1,4
100990046,2023,12046,1,4
100990046,2023,9776,1,4
100990046,2024,483,5,8
100990046,2024,1784,1,4
100990046,2024,12347,1,4
100990046,2024,1554,1,4
100990046,2024,2919,1,4
100990046,2024,3574,1,4
100990046,2024,4055,1,4
100990046,2024,1289,2,4
100990067,2022,2329,1,4
100990067,2022,2,1,8
100990067,2022,4815,1,0
100990067,2022,1780,1,4
100990067,2022,1398,1,0
100990067,2022,862,1,2
100990067,2022,5811,1,0
100990067,2022,626,1,4
100990067,2022,2752,1,4
100990067,2022,946,1,2
100990067,2022,3600,1,4
100990067,2022,2526,1,4
100990067,2022,2417,1,4
100990067,2022,2548,1,4
100990067,2022,542,1,4
100990067,2022,5315,1,2
100990067,2022,1029,1,2
100990067,2022,7447,1,4
100990067,2022,6641,1,2
100990067,2022,1109,1,2
100990067,2022,7393,1,4
100990067,2022,2992,1,4
100990067,2022,1688,1,5
100990067,2022,2776,1,5
100990067,2022,3509,1,5
100990067,2022,6932,1,5
100990067,2022,5873,1,4
100990067,2022,3472,1,2
100990067,2022,1657,1,4
100990067,2022,1547,1,4
100990067,2022,6623,1,4
100990067,2023,1399,2,4
100990067,2023,2885,1,4
100990067,2023,2,3,8
100990067,2023,694,1,4
100990067,2023,2200,1,4
100990067,2023,1087,1,4
100990067,2023,7051,1,4
100990067,2023,3715,1,4
100990067,2023,3105,1,4
100990067,2023,1473,1,4
100990067,2023,1910,1,4
100990067,2023,3674,1,4
100990067,2023,2542,1,2
100990067,2023,2440,1,4
100990067,2023,1697,1,2
100990067,2023,1298,1,4
100990067,2023,1741,1,4
100990067,2023,1588,1,5
100990067,2023,6764,1,5
100990067,2023,2901,1,5
100990067,2023,3348,1,5
100990067,2023,14174,1,3
100990067,2023,5771,1,4
100990067,2023,999,1,4
100990067,2023,3858,1,4
100990067,2023,3962,1,4
100990067,2023,1618,1,4
100990067,2023,98,1,4
100990067,2023,1457,1,4
100990067,2024,6903,1,4
100990067,2024,2399,1,4
100990067,2024,5806,1,4
100990067,2024,7393,1,4
100990067,2024,2992,1,4
100990067,2024,4521,1,4
100990067,2024,1688,1,5
100990067,2024,7941,1,5
100990067,2024,5328,1,1
100990067,2024,4,1,5
100990067,2024,2,2,8
100990067,2024,1689,1,3
100990067,2024,13472,1,5
100990067,2024,12488,1,4
100990067,2024,2408,1,4
100990067,2024,4183,1,4
100990067,2024,4486,1,4
100990067,2024,1118,1,2
100990067,2024,3398,1,4
100990067,2024,4083,1,2
100990067,2024,3847,1,4
100990067,2024,2701,1,4
100990067,2024,13962,1,4
100990067,2024,773,1,4
100990067,2024,5908,1,4
100990067,2024,4665,1,4
100990067,2024,2464,1,4
100990067,2024,2548,1,4
100990081,2022,2587,1,2
100990081,2022,2,4,8
100990081,2022,5300,1,4
100990081,2022,4904,1,4
100990081,2022,2841,1,2
100990081,2022,1070,1,4
100990081,2022,363,1,4
100990081,2022,5021,1,4
100990081,2022,720,1,2
100990081,2022,5160,1,4
100990081,2022,2497,1,4
100990081,2022,4494,1,4
100990081,2022,5076,1,4
100990081,2022,5100,1,2
100990081,2022,1559,1,4
100990081,2022,3479,1,4
100990081,2022,1124,1,2
100990081,2022,3987,1,4
100990081,2022,3382,1,4
100990081,2022,4783,1,4
100990081,2022,4944,1,4
100990081,2022,195,1,4
100990081,2022,1758,1,4
100990081,2022,4528,1,4
100990081,2022,2802,1,2
100990081,2022,2420,1,4
100990081,2022,1697,1,2
100990081,2022,1425,2,4
100990081,2022,1107,1,4
100990081,2022,3319,1,4
100990081,2022,516,1,4
100990081,2022,2066,1,4
100990081,2022,1978,1,4
100990081,2022,766,1,4
100990081,2022,2776,1,5
100990081,2022,4279,1,5
100990081,2022,10872,1,5
100990081,2022,6746,1,5
100990081,2022,4985,1,5
100990081,2022,5662,1,1
100990081,2022,2696,1,5
100990081,2022,6153,1,5
100990081,2022,5191,1,4
100990081,2022,4639,1,4
100990081,2022,3372,1,4
100990081,2022,925,1,4
100990081,2022,2839,1,4
100990081,2022,248,1,4
100990081,2022,768,1,4
100990081,2022,2653,1,2
100990081,2022,929,1,4
100990081,2022,6295,1,4
100990081,2022,655,1,0
100990081,2022,3709,1,4
100990081,2022,640,1,4
100990081,2022,938,1,4
100990081,2022,1168,1,4
100990081,2022,1249,1,4
100990081,2023,2432,1,4
100990081,2023,2457,1,4
100990081,2023,2,12,8
100990081,2023,2887,1,4
100990081,2023,1085,1,4
100990081,2023,1070,1,4
100990081,2023,3476,1,4
100990081,2023,5098,1,4
100990081,2023,2816,1,2
100990081,2023,4675,1,4
100990081,2023,866,1,4
100990081,2023,1555,1,4
100990081,2023,2221,1,4
100990081,2023,7434,2,0
100990081,2023,4201,1,4
100990081,2023,5003,1,4
100990081,2023,3600,1,4
100990081,2023,5201,1,2
100990081,2023,7909,1,4
100990081,2023,1835,1,4
100990081,2023,6099,1,2
100990081,2023,4114,1,2
100990081,2023,2802,1,2
100990081,2023,2771,1,2
100990081,2023,2986,2,4
100990081,2023,1914,1,4
100990081,2023,2304,1,4
100990081,2023,1815,1,4
100990081,2023,968,1,4
100990081,2023,1031,1,2
100990081,2023,973,1,2
100990081,2023,1581,1,4
100990081,2023,1743,1,4
100990081,2023,1744,1,4
100990081,2023,1586,1,4
100990081,2023,989,1,3
100990081,2023,9471,1,5
100990081,2023,12172,1,5
100990081,2023,2780,1,5
100990081,2023,10699,1,3
100990081,2023,2759,1,5
100990081,2023,1048,1,5
100990081,2023,10567,1,5
100990081,2023,1599,1,4
100990081,2023,923,1,2
100990081,2023,7192,1,4
100990081,2023,768,1,4
100990081,2023,7375,1,4
100990081,2023,929,1,4
100990081,2023,931,1,4
100990081,2023,11728,1,5
100990081,2023,1999,1,4
100990081,2023,3003,1,4
100990081,2023,5155,1,4
100990081,2023,1151,1,4
100990081,2023,2273,1,4
100990081,2023,4172,1,4
100990081,2023,5034,1,4
100990081,2023,4110,1,2
100990081,2024,1776,1,4
100990081,2024,2599,1,2
100990081,2024,5398,1,4
100990081,2024,509,1,4
100990081,2024,2919,1,4
100990081,2024,1940,1,4
100990081,2024,3265,1,2
100990081,2024,5100,2,2
100990081,2024,4344,1,4
100990081,2024,5201,1,2
100990081,2024,5040,1,4
100990081,2024,5553,1,4
100990081,2024,7113,1,2
100990081,2024,6510,1,4
100990081,2024,6610,1,2
100990081,2024,3777,1,4
100990081,2024,2088,1,4
100990081,2024,2986,1,4
100990081,2024,427,1,4
100990081,2024,6388,1,0
100990081,2024,2708,1,4
100990081,2024,2979,1,4
100990081,2024,3910,1,4
100990081,2024,1892,2,4
100990081,2024,649,1,4
100990081,2024,4422,1,4
100990081,2024,4219,1,2
100990081,2024,1109,2,2
100990081,2024,7240,1,2
100990081,2024,5255,1,2
100990081,2024,3389,1,4
100990081,2024,4323,1,4
100990081,2024,856,1,4
100990081,2024,2672,1,4
100990081,2024,7182,1,4
100990081,2024,1875,1,5
100990081,2024,10395,1,1
100990081,2024,6602,1,5
100990081,2024,10519,1,5
100990081,2024,10159,1,5
100990081,2024,6045,1,5
100990081,2024,6663,1,3
100990081,2024,7429,1,3
100990081,2024,2,5,8
100990081,2024,2643,1,1
100990081,2024,6621,1,5
100990081,2024,10543,1,5
100990081,2024,3170,1,4
100990081,2024,4672,1,2
100990081,2024,1617,1,4
100990081,2024,4281,1,4
100990081,2024,3687,1,4
100990081,2024,1054,1,4
100990081,2024,736,1,4
100990081,2024,1633,1,4
100990081,2024,3012,1,4
100990081,2024,1311,1,4
100990081,2024,2255,1,4
100990081,2024,1058,1,4
100990081,2024,1547,1,4
100990081,2024,4370,1,4
100990081,2024,1206,1,4
100990081,2024,3654,1,4
100990081,2024,733,1,4
100990081,2024,2455,1,4
100990081,2024,4186,1,4
100990081,2024,1067,1,2
100990081,2024,1991,1,4
100990081,2024,1882,1,4
100990081,2024,4158,1,4
100990088,2022,2329,1,4
100990088,2022,2,2,8
100990088,2022,4908,1,2
100990088,2022,943,1,4
100990088,2022,3476,1,4
100990088,2022,19,1,4
100990088,2022,949,1,4
100990088,2022,6098,1,4
100990088,2022,1474,1,4
100990088,2022,9379,1,4
100990088,2022,8505,1,4
100990088,2022,775,1,4
100990088,2022,1075,1,4
100990088,2022,3795,1,4
100990088,2022,6018,1,4
100990088,2022,2692,1,4
100990088,2022,4258,1,5
100990088,2022,7528,1,5
100990088,2022,11982,1,5
100990088,2022,1984,1,5
100990088,2022,1985,1,5
100990088,2022,11210,1,5
100990088,2022,6621,1,5
100990088,2022,6294,1,5
100990088,2022,1878,1,4
100990088,2022,1999,1,4
100990088,2022,4184,1,4
100990088,2022,2660,1,4
100990088,2023,1399,1,4
100990088,2023,3482,1,4
100990088,2023,2,12,8
100990088,2023,3334,1,4
100990088,2023,2458,1,0
100990088,2023,2981,1,0
100990088,2023,1830,1,4
100990088,2023,2500,1,4
100990088,2023,1525,1,4
100990088,2023,763,1,4
100990088,2023,4797,1,4
100990088,2023,9928,1,4
100990088,2023,1612,1,4
100990088,2023,5253,1,0
100990088,2023,4532,1,4
100990088,2023,4317,1,4
100990088,2023,1031,1,2
100990088,2023,971,1,2
100990088,2023,241,1,4
100990088,2023,1630,2,4
100990088,2023,4324,1,4
100990088,2023,2776,1,5
100990088,2023,10527,1,5
100990088,2023,6413,1,5
100990088,2023,1540,1,5
100990088,2023,10448,1,3
100990088,2023,2448,1,5
100990088,2023,3992,1,5
100990088,2023,7329,1,5
100990088,2023,2574,1,3
100990088,2023,12188,1,1
100990088,2023,2697,1,5
100990088,2023,5220,1,3
100990088,2023,4263,1,4
100990088,2023,2835,1,4
100990088,2023,2651,1,2
100990088,2023,7880,1,4
100990088,2023,594,1,4
100990088,2023,937,1,4
100990088,2023,4780,1,2
100990088,2024,6175,1,4
100990088,2024,4561,1,4
100990088,2024,875,3,2
100990088,2024,1702,1,4
100990088,2024,389,1,4
100990088,2024,2324,1,4
100990088,2024,4218,1,4
100990088,2024,2477,1,4
100990088,2024,2727,1,4
100990088,2024,1479,1,4
100990088,2024,3532,1,4
100990088,2024,969,1,4
100990088,2024,649,1,4
100990088,2024,4917,1,4
100990088,2024,2672,1,4
100990088,2024,6124,1,3
100990088,2024,7941,1,5
100990088,2024,9348,1,5
100990088,2024,2513,1,5
100990088,2024,14098,1,3
100990088,2024,10825,1,5
100990088,2024,2,3,8
100990088,2024,1957,1,5
100990088,2024,6663,1,3
100990088,2024,10922,1,3
100990088,2024,4758,1,1
100990088,2024,2642,1,1
100990088,2024,5355,1,5
100990088,2024,4241,1,5
100990088,2024,6483,1,5
100990088,2024,10302,1,5
100990088,2024,5569,1,5
100990088,2024,3612,1,4
100990088,2024,10404,1,5
100990088,2024,2834,1,4
100990088,2024,2505,1,4
100990088,2024,4281,1,4
100990088,2024,9134,1,4
100990088,2024,4742,1,4
100990088,2024,3197,1,5
100990088,2024,1247,1,4
100990088,2024,936,1,4
100990088,2024,1999,1,4
100990088,2024,5132,1,4
100990088,2024,2433,1,4
100990088,2024,739,1,4
100990088,2024,1070,1,4
100990088,2024,5572,1,4
100990095,2022,1806,1,0
100990095,2022,2,2,8
100990095,2022,1217,1,4
100990095,2022,868,1,4
100990095,2022,1978,1,4
100990095,2022,6538,1,4
100990095,2023,2,2,8
100990095,2023,943,1,4
100990095,2023,5002,1,4
100990095,2023,1525,1,4
100990095,2023,1758,1,4
100990095,2023,5328,1,1
100990095,2023,1952,1,5
100990095,2023,2505,1,4
100990095,2023,654,1,4
100990095,2023,1753,1,0
100990095,2023,3400,1,4
100990095,2024,3336,1,4
100990095,2024,5458,1,4
100990095,2024,1556,1,4
100990095,2024,1088,1,4
100990095,2024,3804,1,4
100990095,2024,1476,1,5
100990095,2024,4316,1,4
100990095,2024,10343,1,5
100990095,2024,4028,1,5
100990095,2024,1952,1,5
100990095,2024,4487,1,4
100990095,2024,6799,1,5
100990095,2024,4740,1,5
100990095,2024,1691,1,5
100990095,2024,10973,1,1
100990095,2024,397,1,4
100990095,2024,1607,1,4
100990095,2024,2273,1,4
100990095,2024,2977,1,4
100990095,2024,2220,1,4
100990095,2024,2,1,8
100990095,2024,3701,1,4
100990095,2024,4449,1,4
100990095,2024,1122,1,4
100990095,2024,1070,1,4
100990095,2024,5645,1,4
100990109,2024,600,1,4
100990109,2024,5462,1,4
100990109,2024,5099,1,4
100990109,2024,1810,1,4
100990109,2024,6334,1,4
100990109,2024,2540,1,4
100990109,2024,866,1,4
100990109,2024,3600,1,4
100990109,2024,4173,1,4
100990109,2024,2322,1,4
100990109,2024,2,7,8
100990109,2024,4242,1,4
100990109,2024,1221,1,4
100990109,2024,1713,1,4
100990109,2024,2477,1,4
100990109,2024,647,1,4
100990109,2024,4798,1,4
100990109,2024,6611,1,4
100990109,2024,7795,1,4
100990109,2024,2502,1,4
100990109,2024,4063,1,4
100990109,2024,1728,1,4
100990109,2024,5558,1,4
100990109,2024,3254,1,4
100990109,2024,4275,1,4
100990109,2024,1840,1,0
100990109,2024,3595,1,0
100990109,2024,7638,1,4
100990109,2024,1717,1,4
100990109,2024,311,1,4
100990109,2024,2309,1,4
100990109,2024,1537,1,4
100990109,2024,5385,1,4
100990109,2024,1687,2,4
100990109,2024,3257,1,4
100990109,2024,471,1,4
100990109,2024,982,1,4
100990109,2024,11178,1,3
100990109,2024,2901,1,5
100990109,2024,1963,1,4
100990109,2024,3597,1,0
100990109,2024,525,1,4
100990109,2024,638,1,4
100990109,2024,1043,1,4
100990109,2024,14209,1,4
100990109,2024,6470,1,4
100990109,2024,3083,1,4
100990109,2024,1501,1,4
100990109,2024,6538,1,4
100990109,2024,6452,1,4
100990109,2024,3937,1,4
100990109,2024,1458,1,4
100990109,2024,480,1,4
100990109,2024,1072,1,4
100990109,2024,1619,1,4
100990116,2024,925,1,4
100990116,2024,3920,1,4
100990116,2024,1067,1,2
100990116,2024,2,1,8
100990116,2024,4490,1,2
100990116,2024,1106,1,4
100990116,2024,2722,1,4
100990116,2024,1914,1,4
100990116,2024,10346,1,5
100990116,2024,6663,1,3
100990116,2024,9496,1,4
100990123,2024,7912,1,4
100990123,2024,9080,1,4
100990123,2024,3516,1,4
100990123,2024,2377,1,4
100990123,2024,1874,1,4
100990123,2024,2249,1,4
100990123,2024,1688,1,5
100990123,2024,2776,1,5
100990123,2024,11712,1,3
100990123,2024,13237,1,5
100990123,2024,2,1,8
100990123,2024,5670,1,5
100990123,2024,4757,1,1
100990123,2024,7597,1,3
100990123,2024,2473,1,2
100990123,2024,3858,1,4
100990123,2024,2516,1,4
100990123,2024,1964,1,4
100990123,2024,1965,1,4
100990123,2024,6538,1,4
100990123,2024,1268,1,4
100990123,2024,2872,1,4
100990123,2024,1780,1,4
100990123,2024,659,1,4
100990123,2024,2201,1,4
100990123,2024,2365,1,4
100990123,2024,6636,1,4